sgrna	Gene	control_count	treatment_count	control_mean	treat_mean	LFC	control_var	adj_var	score	p.low	p.high	p.twosided	FDR	high_in_treatment
RTP1_11478	RTP1	0	331.57	4.3351	331.57	5.962	54970	22.254	69.368	1	0	0	0	True
TBR1_14585	TBR1	0	198.94	4.3351	198.94	5.2279	19789	22.254	41.253	1	0	0	0	True
IFNW1_16718	IFNW1	0	186.51	4.3351	186.51	5.1353	17393	22.254	38.618	1	0	0	0	True
GH2_53587	GH2	188.34	2814.2	188.34	2814.2	3.8942	3.4476e+06	30109	15.133	1	5.685e-52	1.137e-51	1.9699e-49	True
MRGPRX2_12212	MRGPRX2	3152.6	29323	3152.6	29323	3.217	3.4245e+08	7.6535e+06	9.4599	1	1.7655e-21	3.5309e-21	4.8939e-19	True
KRT2_56181	KRT2	701.32	4314.6	701.32	4314.6	2.6193	6.5278e+06	3.9825e+05	5.7256	1	5.9449e-09	1.189e-08	1.3733e-06	True
RNF17_7254	RNF17	210.01	1309.7	210.01	1309.7	2.635	6.0467e+05	37282	5.6954	1	7.1438e-09	1.4288e-08	1.4145e-06	True
USP5_40055	USP5	17925	99063	17925	99063	2.4663	3.2917e+09	2.3377e+08	5.3068	1	6.3433e-08	1.2687e-07	1.099e-05	True
EFCAB3_5706	EFCAB3	6405.3	32668	6405.3	32668	2.3504	3.4487e+08	3.0869e+07	4.7269	1	1.3017e-06	2.6035e-06	0.00020047	True
CABS1_61117	CABS1	389.68	1925.2	389.68	1925.2	2.3017	1.1789e+06	1.2549e+05	4.3346	0.99999	8.4462e-06	1.6892e-05	0.0011706	True
KRT74_165	KRT74	2721.5	12069	2721.5	12069	2.1485	4.369e+07	5.7311e+06	3.9047	0.99995	5.4084e-05	0.00010817	0.0068146	True
OPALIN_42757	OPALIN	50663	2.1453e+05	50663	2.1453e+05	2.0822	1.3427e+10	1.8054e+09	3.8567	0.99993	6.5037e-05	0.00013007	0.0075118	True
CCT6A_70204	CCT6A	3963.7	0	3963.7	0	-11.953	7.8555e+06	1.2008e+07	3.6295	0.00014201	0.99986	0.00028402	0.015141	False
OGT_8089	OGT	2993.6	0	2993.6	0	-11.548	4.4809e+06	6.9129e+06	3.5556	0.00018855	0.99981	0.0003771	0.018667	False
CSN2_38996	CSN2	26986	1.0672e+05	26986	1.0672e+05	1.9835	3.1787e+09	5.2284e+08	3.4871	0.99972	0.00027716	0.00055432	0.023496	True
KRT38_62434	KRT38	2159.8	2.0723	2159.8	2.0723	-9.458	2.328e+06	3.6373e+06	3.468	0.00026217	0.99974	0.00052435	0.023496	False
EIF4A3_2696	EIF4A3	15177	16.579	15177	16.579	-9.754	1.1492e+08	1.685e+08	3.4381	0.0002929	0.99971	0.0005858	0.023496	False
COX7B2_9840	COX7B2	41580	1.6157e+05	41580	1.6157e+05	1.9581	7.1986e+09	1.2239e+09	3.4298	0.99966	0.00034219	0.00068438	0.024179	True
RPL19_39606	RPL19	18177	20.723	18177	20.723	-9.7087	1.6482e+08	2.4026e+08	3.427	0.00030515	0.99969	0.0006103	0.023496	False
TMPRSS11F_11765	TMPRSS11F	3917.5	15636	3917.5	15636	1.9966	6.8658e+07	1.1734e+07	3.4209	0.99964	0.00035723	0.00071446	0.024179	True
RPS5_28961	RPS5	7638	10.362	7638	10.362	-9.3931	2.909e+07	4.3641e+07	3.377	0.00036636	0.99963	0.00073271	0.024179	False
ACTRT1_33704	ACTRT1	213.86	872.45	213.86	872.45	2.0233	2.1687e+05	38636	3.3505	0.99953	0.00046802	0.00093603	0.028203	True
TAS2R16_11768	TAS2R16	4749.3	18524	4749.3	18524	1.9634	9.4877e+07	1.7138e+07	3.3275	0.9995	0.00050108	0.0010022	0.028937	True
RPS4X_42348	RPS4X	13388	22.796	13388	22.796	-9.1362	8.9317e+07	1.3165e+08	3.3155	0.00045733	0.99954	0.00091467	0.028203	False
PTPN23_67349	PTPN23	2081.8	4.1446	2081.8	4.1446	-8.6612	2.1583e+06	3.3834e+06	3.2664	0.00054455	0.99946	0.0010891	0.03019	False
TCP1_68710	TCP1	982.62	2.0723	982.62	2.0723	-8.3226	4.8074e+05	7.7289e+05	3.2482	0.00058078	0.99942	0.0011616	0.03096	False
NUDC_26769	NUDC	803.92	0	803.92	0	-9.6527	3.2314e+05	5.2086e+05	3.19	0.00071133	0.99929	0.0014227	0.036515	False
KRTAP10-4_30360	KRTAP10-4	66515	2.4344e+05	66515	2.4344e+05	1.8718	1.5651e+10	3.0845e+09	3.1856	0.99918	0.00081649	0.001633	0.037184	True
CSN2_38993	CSN2	12895	48036	12895	48036	1.8972	6.1746e+08	1.2228e+08	3.1779	0.99916	0.00084462	0.0016892	0.037184	True
CST8_13433	CST8	56844	2.0793e+05	56844	2.0793e+05	1.871	1.1414e+10	2.2642e+09	3.1752	0.99915	0.00084701	0.001694	0.037184	True
CCT6A_70206	CCT6A	732.63	0	732.63	0	-9.5189	2.6837e+05	4.3395e+05	3.1628	0.0007813	0.99922	0.0015626	0.037184	False
SLCO1B1_40932	SLCO1B1	5002.7	18781	5002.7	18781	1.9083	9.4927e+07	1.8983e+07	3.1625	0.99911	0.00089425	0.0017885	0.037559	True
ARL2_15572	ARL2	1983.1	6.217	1983.1	6.217	-8.1029	1.954e+06	3.075e+06	3.1353	0.0008585	0.99914	0.001717	0.037184	False
NCR2_52136	NCR2	6352.8	23624	6352.8	23624	1.8946	1.4915e+08	3.0373e+07	3.1339	0.99901	0.00098508	0.0019702	0.040156	True
HUWE1_61050	HUWE1	553.93	0	553.93	0	-9.1162	1.5342e+05	2.5047e+05	3.0796	0.0010364	0.99896	0.0020729	0.04102	False
TBL3_66082	TBL3	539	0	539	0	-9.0768	1.4526e+05	2.3737e+05	3.0713	0.0010655	0.99893	0.0021309	0.04102	False
CST9L_1697	CST9L	4909.7	17936	4909.7	17936	1.8689	8.4841e+07	1.8295e+07	3.0455	0.99867	0.0013283	0.0026567	0.047207	True
NUF2_34200	NUF2	440.73	0	440.73	0	-8.787	97123	1.5983e+05	3.0101	0.0013059	0.99869	0.0026119	0.047207	False
RAN_24252	RAN	440.25	0	440.25	0	-8.7855	96911	1.5949e+05	3.0097	0.0013074	0.99869	0.0026148	0.047207	False
C12orf40_24460	C12orf40	383.41	0	383.41	0	-8.5865	73503	1.2156e+05	2.967	0.0015036	0.9985	0.0030072	0.0521	False
UBA1_19535	UBA1	344.88	0	344.88	0	-8.4341	59471	98724	2.9339	0.0016737	0.99833	0.0033475	0.05658	False
RNASE8_19331	RNASE8	62663	2.1448e+05	62663	2.1448e+05	1.7751	1.1524e+10	2.7429e+09	2.8987	0.99788	0.0021187	0.0042373	0.06829	True
SPATA16_65514	SPATA16	11319	39407	11319	39407	1.7996	3.9448e+08	9.4619e+07	2.8876	0.99779	0.0022114	0.0044227	0.069462	True
RTP2_43551	RTP2	28267	97196	28267	97196	1.7818	2.3756e+09	5.7276e+08	2.8802	0.99774	0.0022553	0.0045105	0.069462	True
DHX15_39538	DHX15	288.04	0	288.04	0	-8.1751	41484	69315	2.8768	0.0020085	0.99799	0.004017	0.06628	False
NUF2_34199	NUF2	3375.6	31.085	3375.6	31.085	-6.7175	5.5929e+06	8.7549e+06	2.8046	0.0025193	0.99748	0.0050386	0.075908	False
DDX21_21258	DDX21	209.53	0	209.53	0	-7.7179	21951	37115	2.7735	0.002773	0.99723	0.005546	0.081775	False
RPL27A_41496	RPL27A	20572	219.67	20572	219.67	-6.5427	2.0711e+08	3.0652e+08	2.7619	0.002873	0.99713	0.0057461	0.082959	False
RPS4X_42349	RPS4X	20351	227.96	20351	227.96	-6.474	2.0247e+08	3.0008e+08	2.7461	0.0030153	0.99698	0.0060306	0.085289	False
KRTAP10-9_68638	KRTAP10-9	42389	534.66	42389	534.66	-6.3063	8.7589e+08	1.2712e+09	2.7092	0.0033726	0.99663	0.0067451	0.093487	False
SPATA16_65515	SPATA16	6117.3	20446	6117.3	20446	1.7407	1.0265e+08	2.8197e+07	2.6983	0.99602	0.0039812	0.0079624	0.10819	True
DNM2_64938	DNM2	59985	1.9442e+05	59985	1.9442e+05	1.6965	9.0365e+09	2.517e+09	2.6796	0.99583	0.0041686	0.0083371	0.10976	True
DMP1_34407	DMP1	44557	1.4483e+05	44557	1.4483e+05	1.7006	5.0272e+09	1.4022e+09	2.6777	0.9958	0.0041973	0.0083946	0.10976	True
HTR3C_52811	HTR3C	3936.7	13143	3936.7	13143	1.7389	4.2374e+07	1.1848e+07	2.6745	0.99572	0.0042827	0.0085654	0.10992	True
MUC17_30914	MUC17	45831	1.4826e+05	45831	1.4826e+05	1.6937	5.2461e+09	1.4822e+09	2.6606	0.99558	0.0044166	0.0088332	0.1113	True
SPATA21_74014	SPATA21	16491	53080	16491	53080	1.6864	6.6939e+08	1.984e+08	2.5977	0.99466	0.0053382	0.010676	0.12756	True
RPL11_60200	RPL11	94500	1792.6	94500	1792.6	-5.7194	4.2974e+09	6.1553e+09	2.5724	0.0050504	0.99495	0.010101	0.125	False
NANOGNB_55671	NANOGNB	8823.8	169.93	8823.8	169.93	-5.6901	3.7445e+07	5.7971e+07	2.5585	0.0052558	0.99474	0.010512	0.12756	False
ACTB_44177	ACTB	27515	576.11	27515	576.11	-5.5753	3.6286e+08	5.4319e+08	2.5329	0.0056566	0.99434	0.011313	0.13199	False
RPL19_39605	RPL19	42092	907.68	42092	907.68	-5.5337	8.4807e+08	1.2537e+09	2.5239	0.0058027	0.9942	0.011605	0.13199	False
POLR2A_42514	POLR2A	1.3677e+05	2990.4	1.3677e+05	2990.4	-5.5148	8.9487e+09	1.274e+10	2.5235	0.0058093	0.99419	0.011619	0.13199	False
POLR2C_32858	POLR2C	6202.1	134.7	6202.1	134.7	-5.5145	1.8407e+07	2.8971e+07	2.5147	0.0059568	0.99404	0.011914	0.13316	False
ZG16_45624	ZG16	48964	1272.4	48964	1272.4	-5.265	1.1373e+09	1.6882e+09	2.4571	0.0070032	0.993	0.014006	0.15407	False
SF3B2_23465	SF3B2	63655	1684.8	63655	1684.8	-5.2388	1.9202e+09	2.8289e+09	2.4514	0.0071154	0.99288	0.014231	0.15409	False
RPS5_28962	RPS5	59718	1.8202e+05	59718	1.8202e+05	1.6078	7.4784e+09	2.495e+09	2.4484	0.99188	0.008115	0.01623	0.17042	True
PSMB2_66174	PSMB2	79.477	0	79.477	0	-6.3305	3158.3	5559.1	2.4352	0.0074414	0.99256	0.014883	0.15867	False
MUC17_30915	MUC17	48578	1.472e+05	48578	1.472e+05	1.5994	4.8635e+09	1.6621e+09	2.4191	0.99119	0.0088068	0.017614	0.1795	True
POLR3A_39138	POLR3A	60454	1858.9	60454	1858.9	-5.0226	1.7167e+09	2.5559e+09	2.3956	0.0082959	0.9917	0.016592	0.17161	False
TMPRSS11F_11766	TMPRSS11F	19333	58603	19333	58603	1.5999	7.7109e+08	2.7125e+08	2.3844	0.99028	0.0097222	0.019444	0.18979	True
POLR1A_22178	POLR1A	18562	625.84	18562	625.84	-4.8882	1.6085e+08	2.5039e+08	2.3565	0.0092251	0.99077	0.01845	0.18334	False
POLR3A_39137	POLR3A	59989	2053.7	59989	2053.7	-4.8677	1.6783e+09	2.5173e+09	2.3551	0.0092598	0.99074	0.01852	0.18334	False
TREML4_14191	TREML4	21212	63614	21212	63614	1.5844	8.9896e+08	3.2557e+08	2.35	0.98933	0.010666	0.021332	0.20181	True
FAM47C_63213	FAM47C	36212	1.0739e+05	36212	1.0739e+05	1.5682	2.533e+09	9.3248e+08	2.3308	0.9888	0.011201	0.022403	0.20181	True
DDX21_21260	DDX21	19055	696.3	19055	696.3	-4.7723	1.6852e+08	2.6365e+08	2.3258	0.010015	0.98999	0.020029	0.19278	False
SPATA16_65513	SPATA16	26751	79471	26751	79471	1.5708	1.3897e+09	5.1392e+08	2.3256	0.98863	0.011374	0.022749	0.20181	True
CXorf66_37078	CXorf66	35085	1.0345e+05	35085	1.0345e+05	1.56	2.3371e+09	8.7622e+08	2.3096	0.98815	0.011852	0.023704	0.20181	True
SSX5_30421	SSX5	7466.5	22356	7466.5	22356	1.582	1.1085e+08	4.1734e+07	2.3048	0.98791	0.012085	0.02417	0.20181	True
CHAT_2090	CHAT	64553	1.8785e+05	64553	1.8785e+05	1.541	7.6005e+09	2.908e+09	2.2863	0.98743	0.012572	0.025144	0.20743	True
MEP1B_56772	MEP1B	1187.3	47.663	1187.3	47.663	-4.61	6.4942e+05	1.1213e+06	2.2801	0.011301	0.9887	0.022601	0.20181	False
POLR3A_39140	POLR3A	14909	615.48	14909	615.48	-4.5961	1.0215e+08	1.6269e+08	2.2775	0.011377	0.98862	0.022754	0.20181	False
LSG1_4325	LSG1	20126	853.8	20126	853.8	-4.5574	1.8572e+08	2.936e+08	2.2679	0.011666	0.98833	0.023333	0.20181	False
TUBG1_9535	TUBG1	15620	673.5	15620	673.5	-4.5335	1.117e+08	1.783e+08	2.2606	0.011892	0.98811	0.023784	0.20181	False
PUF60_66564	PUF60	89334	3927	89334	3927	-4.5073	3.6472e+09	5.5107e+09	2.2596	0.011922	0.98808	0.023845	0.20181	False
TREML4_14193	TREML4	1070.8	3230.7	1070.8	3230.7	1.5923	2.3328e+06	9.1513e+05	2.2579	0.98621	0.013788	0.027577	0.21921	True
POLR2A_42513	POLR2A	20404	893.17	20404	893.17	-4.5123	1.9034e+08	3.0163e+08	2.2556	0.012048	0.98795	0.024095	0.20181	False
F9_64055	F9	53169	1.5356e+05	53169	1.5356e+05	1.5301	5.0388e+09	1.9853e+09	2.253	0.98627	0.013726	0.027452	0.21921	True
VPREB1_59282	VPREB1	13271	38864	13271	38864	1.5501	3.2752e+08	1.2939e+08	2.25	0.98608	0.013918	0.027836	0.21921	True
POLR3A_39139	POLR3A	67608	3166.5	67608	3166.5	-4.4158	2.0764e+09	3.185e+09	2.2333	0.012765	0.98723	0.025531	0.20815	False
F13B_21476	F13B	49617	1.4226e+05	49617	1.4226e+05	1.5196	4.2916e+09	1.7328e+09	2.2256	0.98526	0.014738	0.029476	0.2252	True
TPRX1_57752	TPRX1	52221	1.4919e+05	52221	1.4919e+05	1.5145	4.7019e+09	1.9163e+09	2.2153	0.98487	0.015133	0.030266	0.2252	True
TRMT112_74247	TRMT112	9848.9	501.5	9848.9	501.5	-4.2929	4.3686e+07	7.1963e+07	2.1924	0.014177	0.98582	0.028353	0.22077	False
DDX21_21259	DDX21	80142	4409.9	80142	4409.9	-4.1834	2.8677e+09	4.4507e+09	2.1686	0.015058	0.98494	0.030116	0.2252	False
EIF4A3_2695	EIF4A3	76680	4264.8	76680	4264.8	-4.168	2.6219e+09	4.0803e+09	2.164	0.015233	0.98477	0.030467	0.2252	False
CCT6A_70205	CCT6A	25536	1409.2	25536	1409.2	-4.1786	2.9104e+08	4.6898e+08	2.1629	0.015274	0.98473	0.030547	0.2252	False
RAN_24251	RAN	94723	5379.7	94723	5379.7	-4.1378	3.9911e+09	6.1838e+09	2.1562	0.015535	0.98447	0.031069	0.22664	False
COPB1_14160	COPB1	18870	1067.2	18870	1067.2	-4.1429	1.5847e+08	2.5863e+08	2.1517	0.015712	0.98429	0.031424	0.22685	False
TAAR2_48598	TAAR2	10276	29189	10276	29189	1.5061	1.7885e+08	7.8226e+07	2.1384	0.98149	0.018514	0.037027	0.24736	True
DHX8_29850	DHX8	71725	4391.2	71725	4391.2	-4.0295	2.2669e+09	3.5778e+09	2.1237	0.016846	0.98315	0.033692	0.2407	False
USP5_40056	USP5	57324	3620.3	57324	3620.3	-3.9846	1.442e+09	2.302e+09	2.1098	0.017439	0.98256	0.034879	0.24465	False
ACTB_44179	ACTB	56726	3589.3	56726	3589.3	-3.9819	1.4117e+09	2.255e+09	2.1089	0.017475	0.98252	0.03495	0.24465	False
TTI1_75614	TTI1	24778	1581.2	24778	1581.2	-3.9691	2.6905e+08	4.4199e+08	2.1021	0.01777	0.98223	0.03554	0.2463	False
NUF2_34198	NUF2	19946	1297.3	19946	1297.3	-3.9415	1.7388e+08	2.8844e+08	2.0933	0.018163	0.98184	0.036325	0.24736	False
SIGLECL1_16396	SIGLECL1	1.414e+05	9466.4	1.414e+05	9466.4	-3.9007	8.7034e+09	1.3602e+10	2.0887	0.018368	0.98163	0.036737	0.24736	False
NAA10_44500	NAA10	1.3027e+05	8801.1	1.3027e+05	8801.1	-3.8875	7.3768e+09	1.1575e+10	2.0844	0.018561	0.98144	0.037122	0.24736	False
USP5_40054	USP5	43026	2919.9	43026	2919.9	-3.8808	8.0426e+08	1.3091e+09	2.0781	0.018852	0.98115	0.037704	0.24746	False
KRTAP13-2_12938	KRTAP13-2	67891	4671	67891	4671	-3.8611	1.9984e+09	3.2113e+09	2.074	0.019041	0.98096	0.038083	0.24746	False
PSMB2_66175	PSMB2	68858	4789.1	68858	4789.1	-3.8455	2.0524e+09	3.3018e+09	2.0694	0.019256	0.98074	0.038513	0.24746	False
ERCC3_20603	ERCC3	50876	3556.1	50876	3556.1	-3.8382	1.1196e+09	1.8203e+09	2.066	0.019414	0.98059	0.038827	0.24746	False
POLR1A_22180	POLR1A	18503	1284.8	18503	1284.8	-3.8471	1.4823e+08	2.4883e+08	2.065	0.019461	0.98054	0.038922	0.24746	False
EIF3A_36782	EIF3A	5141.9	358.51	5141.9	358.51	-3.8385	1.144e+07	2.0036e+07	2.0587	0.01976	0.98024	0.039519	0.24897	False
SF3B2_23466	SF3B2	9706.8	692.16	9706.8	692.16	-3.8079	4.0632e+07	6.9934e+07	2.0512	0.020122	0.97988	0.040244	0.25125	False
GABRA6_60556	GABRA6	56540	1.533e+05	56540	1.533e+05	1.439	4.6814e+09	2.2405e+09	2.0442	0.97685	0.023155	0.046309	0.26387	True
LALBA_73700	LALBA	669.05	47.663	669.05	47.663	-3.7834	1.9306e+05	3.6302e+05	2.043	0.020526	0.97947	0.041053	0.25401	False
KCNK18_63627	KCNK18	15482	42468	15482	42468	1.4557	3.6412e+08	1.7522e+08	2.0387	0.9764	0.0236	0.0472	0.26387	True
MBL2_67329	MBL2	56191	1.5209e+05	56191	1.5209e+05	1.4365	4.5986e+09	2.2134e+09	2.0384	0.97652	0.02348	0.046961	0.26387	True
KRT84_35487	KRT84	19369	52830	19369	52830	1.4475	5.598e+08	2.7226e+08	2.0279	0.9758	0.024196	0.048393	0.26593	True
CCT5_23762	CCT5	75565	5802.5	75565	5802.5	-3.7028	2.4334e+09	3.9645e+09	2.0267	0.021348	0.97865	0.042696	0.25962	False
SSX5_30422	SSX5	6333.1	476.63	6333.1	476.63	-3.7292	1.7149e+07	3.0188e+07	2.0263	0.021368	0.97863	0.042736	0.25962	False
KRTAP4-4_54199	KRTAP4-4	52350	4041	52350	4041	-3.6951	1.1669e+09	1.9256e+09	2.0229	0.021542	0.97846	0.043083	0.25962	False
RTP1_11476	RTP1	25337	1972.8	25337	1972.8	-3.6822	2.7295e+08	4.6183e+08	2.0163	0.021884	0.97812	0.043768	0.26076	False
ARIH1_35169	ARIH1	2010	155.42	2010	155.42	-3.6844	1.7198e+06	3.1578e+06	2.0107	0.022181	0.97782	0.044362	0.26076	False
KRTAP10-5_60371	KRTAP10-5	48927	1.3143e+05	48927	1.3143e+05	1.4256	3.4034e+09	1.6857e+09	2.0095	0.97482	0.025182	0.050363	0.26848	True
RPL11_60203	RPL11	97339	7810.6	97339	7810.6	-3.6394	4.0077e+09	6.5244e+09	2.0083	0.022307	0.97769	0.044614	0.26076	False
TBL3_66081	TBL3	18488	1467.2	18488	1467.2	-3.6546	1.4486e+08	2.4844e+08	2.0067	0.022389	0.97761	0.044777	0.26076	False
FAM47C_63212	FAM47C	6744	18373	6744	18373	1.4458	6.762e+07	3.4161e+07	1.9897	0.97338	0.026622	0.053243	0.27229	True
GRWD1_16464	GRWD1	5453.1	449.69	5453.1	449.69	-3.5971	1.2517e+07	2.2491e+07	1.9854	0.02355	0.97645	0.0471	0.26387	False
CYP2A13_26621	CYP2A13	75568	6382.7	75568	6382.7	-3.5653	2.3933e+09	3.9647e+09	1.9844	0.023607	0.97639	0.047214	0.26387	False
ZG16_45621	ZG16	22853	61357	22853	61357	1.4248	7.413e+08	3.7697e+08	1.9832	0.97311	0.02689	0.053779	0.27229	True
TRHR_67759	TRHR	66632	1.7692e+05	66632	1.7692e+05	1.4088	6.0815e+09	3.0952e+09	1.9823	0.97318	0.026819	0.053637	0.27229	True
ACTRT1_33703	ACTRT1	4941	13464	4941	13464	1.446	3.6319e+07	1.8525e+07	1.9802	0.97274	0.027263	0.054526	0.27229	True
CATSPER4_14643	CATSPER4	36386	97123	36386	97123	1.4164	1.8445e+09	9.4131e+08	1.9796	0.97294	0.02706	0.05412	0.27229	True
POLR1A_22177	POLR1A	10297	880.74	10297	880.74	-3.5459	4.4336e+07	7.8551e+07	1.9712	0.024348	0.97565	0.048696	0.26593	False
POLR2A_42512	POLR2A	10085	872.45	10085	872.45	-3.5295	4.2439e+07	7.5402e+07	1.9661	0.024645	0.97535	0.049291	0.26593	False
COPB1_14159	COPB1	45654	4012	45654	4012	-3.508	8.6702e+08	1.471e+09	1.9645	0.024735	0.97527	0.049469	0.26593	False
POLR2C_32859	POLR2C	42400	3726	42400	3726	-3.508	7.4782e+08	1.2718e+09	1.9642	0.024751	0.97525	0.049503	0.26593	False
IL1F10_20888	IL1F10	75178	1.9796e+05	75178	1.9796e+05	1.3968	7.5372e+09	3.9246e+09	1.9599	0.97174	0.028258	0.056516	0.27846	True
REG3A_26655	REG3A	8434.2	22686	8434.2	22686	1.4274	1.0155e+08	5.3042e+07	1.9568	0.97127	0.02873	0.057459	0.27846	True
HTR3C_52809	HTR3C	6019.5	16195	6019.5	16195	1.4277	5.1772e+07	2.7318e+07	1.9469	0.97055	0.029446	0.058893	0.2801	True
PASD1_22674	PASD1	64145	5962.1	64145	5962.1	-3.4272	1.6927e+09	2.872e+09	1.9403	0.02617	0.97383	0.05234	0.27229	False
CRNN_73874	CRNN	32526	85833	32526	85833	1.3999	1.4208e+09	7.5493e+08	1.9401	0.97031	0.029692	0.059385	0.2801	True
UBA1_19534	UBA1	16279	1512.8	16279	1512.8	-3.4268	1.0902e+08	1.934e+08	1.9352	0.026482	0.97352	0.052963	0.27229	False
RPS5_28964	RPS5	98180	9300.6	98180	9300.6	-3.3999	3.9498e+09	6.6357e+09	1.9333	0.0266	0.9734	0.0532	0.27229	False
HNRNPU_59640	HNRNPU	11793	1125.3	11793	1125.3	-3.3884	5.6899e+07	1.0257e+08	1.9219	0.027307	0.97269	0.054614	0.27229	False
RTP2_43554	RTP2	1.0409e+05	2.6865e+05	1.0409e+05	2.6865e+05	1.3678	1.3539e+10	7.4448e+09	1.9071	0.96812	0.03188	0.06376	0.29659	True
SSU72_26275	SSU72	33657	3355.1	33657	3355.1	-3.3261	4.5909e+08	8.0742e+08	1.9055	0.028359	0.97164	0.056717	0.27846	False
AFM_7361	AFM	423.88	1156.4	423.88	1156.4	1.4457	2.6826e+05	1.4804e+05	1.9037	0.96707	0.032928	0.065855	0.29801	True
CLTC_65729	CLTC	71220	7217.9	71220	7217.9	-3.3025	2.0482e+09	3.5284e+09	1.9007	0.028673	0.97133	0.057345	0.27846	False
TPRX1_57755	TPRX1	1.312e+05	3.3699e+05	1.312e+05	3.3699e+05	1.3609	2.1175e+10	1.1739e+10	1.8994	0.96758	0.032418	0.064836	0.29801	True
TBL3_66080	TBL3	33405	3440.1	33405	3440.1	-3.2792	4.4894e+08	7.9558e+08	1.8902	0.029362	0.97064	0.058725	0.2801	False
PRPF38B_47122	PRPF38B	32590	3392.4	32590	3392.4	-3.2637	4.2626e+08	7.5786e+08	1.8851	0.029708	0.97029	0.059415	0.2801	False
IL17F_4116	IL17F	26843	69582	26843	69582	1.3741	9.1333e+08	5.1738e+08	1.879	0.96581	0.034192	0.068383	0.30075	True
CSN2_38994	CSN2	43220	1.1114e+05	43220	1.1114e+05	1.3626	2.3064e+09	1.3207e+09	1.8689	0.96509	0.034909	0.069818	0.30075	True
RPS4X_42350	RPS4X	25303	2808	25303	2808	-3.1712	2.5301e+08	4.6061e+08	1.8538	0.031884	0.96812	0.063768	0.29659	False
AFM_7359	AFM	9112.8	23645	9112.8	23645	1.3755	1.0559e+08	6.1765e+07	1.8491	0.96326	0.036745	0.07349	0.30496	True
KRTAP10-8_52257	KRTAP10-8	61330	1.56e+05	61330	1.56e+05	1.3468	4.481e+09	2.6293e+09	1.8462	0.96332	0.036679	0.073358	0.30496	True
TBL3_66083	TBL3	1.6073e+05	18570	1.6073e+05	18570	-3.1135	1.0105e+10	1.7502e+10	1.8416	0.032765	0.96724	0.065529	0.29801	False
TTI1_75617	TTI1	75467	8761.8	75467	8761.8	-3.1064	2.2248e+09	3.9543e+09	1.8362	0.033163	0.96684	0.066326	0.29801	False
BUD31_48592	BUD31	1.4896e+05	17432	1.4896e+05	17432	-3.095	8.65e+09	1.507e+10	1.8351	0.033245	0.96675	0.066491	0.29801	False
CER1_11091	CER1	16324	41909	16324	41909	1.3602	3.2728e+08	1.9446e+08	1.8347	0.96215	0.037853	0.075706	0.3096	True
RPS19_67766	RPS19	14235	1639.2	14235	1639.2	-3.1176	7.9327e+07	1.4854e+08	1.834	0.033328	0.96667	0.066655	0.29801	False
KRTAP10-4_30358	KRTAP10-4	16611	42613	16611	42613	1.3591	3.3806e+08	2.0124e+08	1.833	0.96201	0.037992	0.075984	0.3096	True
EFCAB3_5708	EFCAB3	9031.9	23264	9031.9	23264	1.3649	1.0127e+08	6.0691e+07	1.8268	0.96138	0.038617	0.077234	0.3096	True
TRMT112_74246	TRMT112	98370	11854	98370	11854	-3.0528	3.7425e+09	6.661e+09	1.8192	0.034443	0.96556	0.068886	0.30075	False
TMEM258_21225	TMEM258	58667	7060.4	58667	7060.4	-3.0546	1.3316e+09	2.4094e+09	1.8178	0.034549	0.96545	0.069099	0.30075	False
UBTF_54880	UBTF	39601	4782.9	39601	4782.9	-3.0493	6.0614e+08	1.1119e+09	1.8145	0.034798	0.9652	0.069596	0.30075	False
ZNF679_56193	ZNF679	17509	2109.6	17509	2109.6	-3.0524	1.1857e+08	2.2321e+08	1.8127	0.034936	0.96506	0.069871	0.30075	False
MC5R_60416	MC5R	1.078e+05	2.6923e+05	1.078e+05	2.6923e+05	1.3204	1.3029e+10	7.9758e+09	1.8076	0.96013	0.039871	0.079742	0.3157	True
CSN2_38995	CSN2	845.34	101.54	845.34	101.54	-3.045	2.7662e+05	5.7494e+05	1.8046	0.035566	0.96443	0.071133	0.30429	False
TBR1_14586	TBR1	33060	83427	33060	83427	1.3354	1.2684e+09	7.7952e+08	1.804	0.95961	0.04039	0.08078	0.3157	True
OTOP1_41899	OTOP1	9134	1127.3	9134	1127.3	-3.0172	3.2054e+07	6.2048e+07	1.7987	0.036031	0.96397	0.072061	0.30496	False
CPSF2_4899	CPSF2	31192	3893.9	31192	3893.9	-3.0016	3.7259e+08	6.9521e+08	1.7974	0.036134	0.96387	0.072268	0.30496	False
TONSL_32400	TONSL	56374	7166.1	56374	7166.1	-2.9756	1.2107e+09	2.2276e+09	1.7907	0.036672	0.96333	0.073344	0.30496	False
UBTF_54881	UBTF	1485.5	186.51	1485.5	186.51	-2.9869	8.4368e+05	1.7421e+06	1.7846	0.037161	0.96284	0.074322	0.30658	False
C10orf53_61432	C10orf53	50400	1.2584e+05	50400	1.2584e+05	1.32	2.8453e+09	1.787e+09	1.7845	0.95792	0.042075	0.08415	0.31906	True
KRTAP13-1_31403	KRTAP13-1	32729	82058	32729	82058	1.326	1.2167e+09	7.6422e+08	1.7844	0.95784	0.042165	0.084329	0.31906	True
IL9_26360	IL9	27822	69707	27822	69707	1.3251	8.7718e+08	5.5515e+08	1.7777	0.95718	0.042817	0.085635	0.31906	True
CPSF2_4900	CPSF2	1.0304e+05	13727	1.0304e+05	13727	-2.908	3.9882e+09	7.2972e+09	1.7696	0.038397	0.9616	0.076793	0.3096	False
SAMM50_8486	SAMM50	22133	2932.3	22133	2932.3	-2.9157	1.8433e+08	3.5397e+08	1.7666	0.038644	0.96136	0.077288	0.3096	False
RTP2_43553	RTP2	89411	2.2035e+05	89411	2.2035e+05	1.3013	8.573e+09	5.5201e+09	1.7624	0.95596	0.044038	0.088076	0.3224	True
ARIH1_35171	ARIH1	2814.4	375.09	2814.4	375.09	-2.9042	2.9752e+06	6.1225e+06	1.7569	0.039465	0.96053	0.07893	0.31436	False
MBL2_67328	MBL2	1.3119e+05	3.2122e+05	1.3119e+05	3.2122e+05	1.2919	1.8056e+10	1.1737e+10	1.754	0.95523	0.044771	0.089542	0.3224	True
DDX41_33822	DDX41	73218	10138	73218	10138	-2.8523	1.9895e+09	3.7258e+09	1.7488	0.040163	0.95984	0.080326	0.3157	False
CEACAM7_4032	CEACAM7	8200.1	20586	8200.1	20586	1.3279	7.6711e+07	5.0184e+07	1.7485	0.95415	0.045855	0.09171	0.32592	True
CSHL1_152	CSHL1	7582.1	1042.4	7582.1	1042.4	-2.8615	2.1384e+07	4.3015e+07	1.7444	0.040544	0.95946	0.081088	0.3157	False
KRTAP13-1_31402	KRTAP13-1	57281	8102.8	57281	8102.8	-2.8214	1.2093e+09	2.2986e+09	1.737	0.041196	0.9588	0.082392	0.31806	False
ARL2_15571	ARL2	48941	6931.9	48941	6931.9	-2.8195	8.8237e+08	1.6866e+09	1.7357	0.041306	0.95869	0.082612	0.31806	False
NUP93_48089	NUP93	1.1343e+05	16388	1.1343e+05	16388	-2.791	4.7088e+09	8.8161e+09	1.7288	0.041925	0.95807	0.08385	0.31906	False
FAM47C_63214	FAM47C	35123	86188	35123	86188	1.295	1.3038e+09	8.7809e+08	1.7233	0.95191	0.048092	0.096185	0.33665	True
HTR3C_52810	HTR3C	30534	4426.5	30534	4426.5	-2.7859	3.408e+08	6.6665e+08	1.7221	0.042525	0.95748	0.08505	0.31906	False
ARIH1_35170	ARIH1	6291.7	907.68	6291.7	907.68	-2.7918	1.4494e+07	2.98e+07	1.7193	0.04278	0.95722	0.085559	0.31906	False
ZG16_45622	ZG16	8469.3	21026	8469.3	21026	1.3117	7.8832e+07	5.3478e+07	1.717	0.95096	0.049037	0.098074	0.33883	True
SCN10A_71867	SCN10A	9343.6	23146	9343.6	23146	1.3086	9.525e+07	6.488e+07	1.7135	0.95062	0.049382	0.098764	0.33883	True
PSMB2_66173	PSMB2	5094.7	743.96	5094.7	743.96	-2.774	9.4644e+06	1.9675e+07	1.7124	0.043409	0.95659	0.086819	0.32174	False
RESP18_2429	RESP18	43458	1.0596e+05	43458	1.0596e+05	1.2858	1.9534e+09	1.335e+09	1.7107	0.95065	0.049353	0.098705	0.33883	True
THOC2_44612	THOC2	1.0885e+05	16427	1.0885e+05	16427	-2.7282	4.2714e+09	8.1298e+09	1.706	0.044	0.956	0.087999	0.3224	False
RPS2_5520	RPS2	37848	5738.3	37848	5738.3	-2.7213	5.1551e+08	1.0171e+09	1.6997	0.044595	0.95541	0.089189	0.3224	False
RESP18_2430	RESP18	74611	11381	74611	11381	-2.7126	1.999e+09	3.8666e+09	1.699	0.044659	0.95534	0.089318	0.3224	False
SSU72_26273	SSU72	42758	6527.8	42758	6527.8	-2.7113	6.5631e+08	1.293e+09	1.6965	0.044894	0.95511	0.089789	0.3224	False
TAS2R40_54862	TAS2R40	3686.3	9159.7	3686.3	9159.7	1.3129	1.4979e+07	1.041e+07	1.6964	0.94858	0.051419	0.10284	0.34595	True
SAMM50_8483	SAMM50	44848	6944.3	44848	6944.3	-2.691	7.1836e+08	1.4204e+09	1.6893	0.045581	0.95442	0.091162	0.32565	False
SF3B2_23468	SF3B2	5084.6	793.7	5084.6	793.7	-2.6779	9.2058e+06	1.9599e+07	1.6778	0.04669	0.95331	0.09338	0.32892	False
DHX8_29852	DHX8	44563	7060.4	44563	7060.4	-2.6579	7.0323e+08	1.4026e+09	1.6772	0.046751	0.95325	0.093503	0.32892	False
KRTAP10-8_52258	KRTAP10-8	30183	72774	30183	72774	1.2696	9.0697e+08	6.5167e+08	1.6684	0.94598	0.054023	0.10805	0.35826	True
TAS2R40_54860	TAS2R40	10835	26331	10835	26331	1.2809	1.2006e+08	8.683e+07	1.6629	0.94512	0.054884	0.10977	0.36035	True
RPS16_44941	RPS16	1.0631e+05	17629	1.0631e+05	17629	-2.5921	3.932e+09	7.7598e+09	1.6561	0.048847	0.95115	0.097695	0.33883	False
MEP1B_56774	MEP1B	4293.2	10496	4293.2	10496	1.2896	1.9239e+07	1.405e+07	1.6549	0.94396	0.056036	0.11207	0.36124	True
NOP56_26809	NOP56	29100	4909.3	29100	4909.3	-2.5672	2.9258e+08	6.0644e+08	1.6422	0.05027	0.94973	0.10054	0.34322	False
MBL2_67330	MBL2	68178	11659	68178	11659	-2.5478	1.5972e+09	3.238e+09	1.6379	0.050717	0.94928	0.10143	0.34458	False
SAP18_26228	SAP18	28413	4888.6	28413	4888.6	-2.5388	2.767e+08	5.7862e+08	1.6316	0.051386	0.94861	0.10277	0.34595	False
CCT8L2_26471	CCT8L2	23250	55240	23250	55240	1.2484	5.1167e+08	3.8997e+08	1.6199	0.94023	0.059769	0.11954	0.37989	True
KRTAP13-3_71495	KRTAP13-3	54969	9791.7	54969	9791.7	-2.4889	1.0205e+09	2.1196e+09	1.6149	0.053162	0.94684	0.10632	0.35595	False
HNRNPK_67234	HNRNPK	7262.2	1289	7262.2	1289	-2.4933	1.784e+07	3.9518e+07	1.6103	0.053665	0.94634	0.10733	0.35759	False
ZNF574_53195	ZNF574	9472.2	1705.5	9472.2	1705.5	-2.4728	3.016e+07	6.6648e+07	1.6033	0.054436	0.94556	0.10887	0.35928	False
MRGPRX2_12211	MRGPRX2	12418	29495	12418	29495	1.248	1.4582e+08	1.1354e+08	1.6027	0.93794	0.062063	0.12413	0.38748	True
DHX37_13793	DHX37	48250	8871.6	48250	8871.6	-2.4431	7.7531e+08	1.6401e+09	1.597	0.055129	0.94487	0.11026	0.36035	False
RPL19_39608	RPL19	36579	6768.2	36579	6768.2	-2.434	4.4433e+08	9.5112e+08	1.5926	0.055625	0.94438	0.11125	0.36035	False
TONSL_32398	TONSL	14098	2594.5	14098	2594.5	-2.4415	6.6162e+07	1.4573e+08	1.5925	0.055639	0.94436	0.11128	0.36035	False
CABS1_61116	CABS1	7556.1	17884	7556.1	17884	1.2429	5.3334e+07	4.2725e+07	1.5801	0.93489	0.065108	0.13022	0.39411	True
SPATA21_74017	SPATA21	91136	2.1035e+05	91136	2.1035e+05	1.2067	7.1056e+09	5.7316e+09	1.5746	0.93488	0.065116	0.13023	0.39411	True
CLTC_65731	CLTC	1244.7	236.24	1244.7	236.24	-2.3925	5.0844e+05	1.2303e+06	1.5686	0.058375	0.94162	0.11675	0.37458	False
DCTN5_13872	DCTN5	1033.7	196.87	1033.7	196.87	-2.3866	3.5012e+05	8.5384e+05	1.5662	0.058651	0.94135	0.1173	0.37461	False
FTSJ3_19707	FTSJ3	25847	5108.3	25847	5108.3	-2.3389	2.1505e+08	4.8031e+08	1.5546	0.060026	0.93997	0.12005	0.37989	False
SAMM50_8485	SAMM50	85443	17175	85443	17175	-2.3146	2.3302e+09	5.0485e+09	1.5489	0.060701	0.9393	0.1214	0.38242	False
NANOGNB_55670	NANOGNB	3290.3	654.85	3290.3	654.85	-2.3272	3.4729e+06	8.3252e+06	1.5446	0.061227	0.93877	0.12245	0.38399	False
CER1_11092	CER1	76762	1.7551e+05	76762	1.7551e+05	1.193	4.8752e+09	4.089e+09	1.5442	0.93077	0.069229	0.13846	0.41358	True
GRWD1_16466	GRWD1	38359	7872.7	38359	7872.7	-2.2845	4.6472e+08	1.0444e+09	1.5343	0.062477	0.93752	0.12495	0.38817	False
POP5_31694	POP5	1888.7	383.38	1888.7	383.38	-2.2975	1.1329e+06	2.7937e+06	1.5319	0.06277	0.93723	0.12554	0.38817	False
CPSF2_4898	CPSF2	20653	4256.5	20653	4256.5	-2.2784	1.3443e+08	3.0892e+08	1.53	0.063014	0.93699	0.12603	0.38817	False
TSPAN16_7201	TSPAN16	94540	2.1441e+05	94540	2.1441e+05	1.1814	7.1847e+09	6.1604e+09	1.5273	0.92849	0.071514	0.14303	0.4254	True
PSKH2_58675	PSKH2	7844.6	1630.9	7844.6	1630.9	-2.2653	1.9305e+07	4.5994e+07	1.5221	0.063995	0.93601	0.12799	0.39246	False
IL1F10_20885	IL1F10	3527.8	733.6	3527.8	733.6	-2.2641	3.9038e+06	9.5484e+06	1.5198	0.064284	0.93572	0.12857	0.3925	False
KCNK18_63624	KCNK18	15130	34728	15130	34728	1.1986	1.9203e+08	1.6748e+08	1.5143	0.92607	0.073929	0.14786	0.43789	True
MAGEC3_62238	MAGEC3	2972.4	6917.4	2972.4	6917.4	1.2183	7.7814e+06	6.8169e+06	1.5109	0.92505	0.074955	0.14991	0.44207	True
CD200R1L_60527	CD200R1L	4259	940.83	4259	940.83	-2.1773	5.5051e+06	1.3831e+07	1.4852	0.06874	0.93126	0.13748	0.41287	False
POLR2A_42511	POLR2A	1.0637e+05	23904	1.0637e+05	23904	-2.1537	3.4004e+09	7.7689e+09	1.4847	0.068812	0.93119	0.13762	0.41287	False
DMRT1_3340	DMRT1	76071	1.6966e+05	76071	1.6966e+05	1.1572	4.3791e+09	4.0168e+09	1.4766	0.92103	0.078973	0.15795	0.45652	True
CATSPER4_14645	CATSPER4	1.5065e+05	3.3341e+05	1.5065e+05	3.3341e+05	1.1461	1.6701e+10	1.5407e+10	1.4724	0.92062	0.07938	0.15876	0.45652	True
KRT74_167	KRT74	13140	29589	13140	29589	1.171	1.3528e+08	1.269e+08	1.4602	0.91788	0.082119	0.16424	0.46456	True
CRNN_73876	CRNN	1495.6	3433.8	1495.6	3433.8	1.1985	1.8784e+06	1.7655e+06	1.4587	0.91685	0.083145	0.16629	0.46747	True
KRTAP13-3_71493	KRTAP13-3	50004	1.1081e+05	50004	1.1081e+05	1.1479	1.8485e+09	1.7595e+09	1.4495	0.91669	0.083307	0.16661	0.46747	True
EIF3A_36783	EIF3A	17798	4351.9	17798	4351.9	-2.0318	9.0399e+07	2.3052e+08	1.4283	0.076597	0.9234	0.15319	0.44985	False
MUC17_30913	MUC17	35201	77505	35201	77505	1.1386	8.9479e+08	8.8195e+08	1.4245	0.91253	0.087473	0.17495	0.48886	True
C10orf53_61435	C10orf53	1476.3	360.58	1476.3	360.58	-2.0306	6.2246e+05	1.7211e+06	1.4229	0.077382	0.92262	0.15476	0.45254	False
PCNA_35261	PCNA	72289	18131	72289	18131	-1.9953	1.4665e+09	3.6333e+09	1.4168	0.078271	0.92173	0.15654	0.45581	False
TYR_40738	TYR	81072	1.7656e+05	81072	1.7656e+05	1.1229	4.5589e+09	4.5529e+09	1.4152	0.91131	0.088691	0.17738	0.49171	True
METTL16_10111	METTL16	15185	3817.2	15185	3817.2	-1.9918	6.4617e+07	1.6868e+08	1.4109	0.079133	0.92087	0.15827	0.45652	False
KRTAP11-1_11925	KRTAP11-1	30122	65979	30122	65979	1.1311	6.4284e+08	6.4908e+08	1.4074	0.90963	0.090366	0.18073	0.49306	True
INSL5_44288	INSL5	1.1729e+05	2.5383e+05	1.1729e+05	2.5383e+05	1.1137	9.3208e+09	9.4163e+09	1.407	0.9101	0.089903	0.17981	0.49306	True
OPALIN_42758	OPALIN	84907	1.8421e+05	84907	1.8421e+05	1.1174	4.9311e+09	4.9863e+09	1.4064	0.90986	0.090139	0.18028	0.49306	True
RBX1_30468	RBX1	11835	2994.5	11835	2994.5	-1.9823	3.9075e+07	1.0329e+08	1.4062	0.079828	0.92017	0.15966	0.4572	False
CXorf66_37080	CXorf66	52283	1.1382e+05	52283	1.1382e+05	1.1223	1.8932e+09	1.9207e+09	1.4041	0.90929	0.090714	0.18143	0.49306	True
AFM_7362	AFM	35634	77727	35634	77727	1.1252	8.8591e+08	9.0338e+08	1.4005	0.90853	0.091469	0.18294	0.49457	True
KRTAP10-9_68637	KRTAP10-9	1496.1	379.23	1496.1	379.23	-1.9772	6.2368e+05	1.7666e+06	1.4003	0.080715	0.91928	0.16143	0.46038	False
UPF1_41940	UPF1	45938	99902	45938	99902	1.1208	1.4561e+09	1.489e+09	1.3985	0.90829	0.091705	0.18341	0.49457	True
DEFB129_4555	DEFB129	2313.5	5164.2	2313.5	5164.2	1.1581	4.0633e+06	4.1638e+06	1.397	0.90683	0.093167	0.18633	0.49665	True
UPF1_41939	UPF1	5982.9	1533.5	5982.9	1533.5	-1.9633	9.8985e+06	2.6992e+07	1.3965	0.081277	0.91872	0.16255	0.46168	False
KRTAP13-3_71494	KRTAP13-3	1.0446e+05	2.2516e+05	1.0446e+05	2.2516e+05	1.108	7.2837e+09	7.4969e+09	1.394	0.90785	0.092153	0.18431	0.49486	True
GPR148_58138	GPR148	39789	86082	39789	86082	1.1133	1.0715e+09	1.1224e+09	1.3818	0.90537	0.094632	0.18926	0.50191	True
KRT78_68327	KRT78	81567	1.7501e+05	81567	1.7501e+05	1.1014	4.3662e+09	4.6077e+09	1.3766	0.90476	0.09524	0.19048	0.50191	True
KRTAP4-4_54200	KRTAP4-4	1.0163e+05	2.1692e+05	1.0163e+05	2.1692e+05	1.0938	6.6459e+09	7.1026e+09	1.368	0.90333	0.096669	0.19334	0.50751	True
KRT78_68324	KRT78	6731.9	14662	6731.9	14662	1.1228	3.144e+07	3.4041e+07	1.3591	0.90059	0.099411	0.19882	0.51604	True
KRTAP10-5_60369	KRTAP10-5	1.3106e+05	36533	1.3106e+05	36533	-1.8429	4.4677e+09	1.1714e+10	1.3517	0.088233	0.91177	0.17647	0.49113	False
C16orf78_51476	C16orf78	31830	68177	31830	68177	1.0989	6.6056e+08	7.2348e+08	1.3513	0.89985	0.10015	0.20029	0.51792	True
UPF1_41941	UPF1	73439	20827	73439	20827	-1.8181	1.384e+09	3.748e+09	1.3388	0.090311	0.90969	0.18062	0.49306	False
NOP56_26812	NOP56	38775	11191	38775	11191	-1.7927	3.8044e+08	1.0667e+09	1.3257	0.092475	0.90753	0.18495	0.49486	False
BYSL_44300	BYSL	5557.1	1630.9	5557.1	1630.9	-1.768	7.7075e+06	2.3343e+07	1.3102	0.095069	0.90493	0.19014	0.50191	False
KRTAP13-1_31401	KRTAP13-1	78386	1.6306e+05	78386	1.6306e+05	1.0568	3.5851e+09	4.2608e+09	1.2972	0.8901	0.1099	0.21981	0.5504	True
FCRL4_24403	FCRL4	47030	98060	47030	98060	1.0601	1.302e+09	1.5595e+09	1.2922	0.88888	0.11112	0.22225	0.55403	True
TAS2R40_54861	TAS2R40	5621.2	11920	5621.2	11920	1.0843	1.9838e+07	2.3875e+07	1.2891	0.88722	0.11278	0.22555	0.56025	True
GTPBP4_29631	GTPBP4	2241.2	677.65	2241.2	677.65	-1.7242	1.2224e+06	3.9119e+06	1.2889	0.098725	0.90128	0.19745	0.51445	False
TRAPPC1_27599	TRAPPC1	29898	9114.1	29898	9114.1	-1.7138	2.1599e+08	6.3962e+08	1.2888	0.098732	0.90127	0.19746	0.51445	False
RPTN_73121	RPTN	37977	78549	37977	78549	1.0484	8.2304e+08	1.024e+09	1.2679	0.88392	0.11608	0.23216	0.57255	True
EIF2S3_50674	EIF2S3	41697	13159	41697	13159	-1.6638	4.0721e+08	1.2307e+09	1.2662	0.10272	0.89728	0.20544	0.52925	False
PDE6H_40690	PDE6H	1.0558e+05	2.1606e+05	1.0558e+05	2.1606e+05	1.0331	6.1034e+09	7.6557e+09	1.2627	0.88339	0.11661	0.23322	0.57314	True
KANSL3_73785	KANSL3	14800	30757	14800	30757	1.0552	1.2731e+08	1.6037e+08	1.26	0.88185	0.11815	0.23631	0.57628	True
CEACAM7_4029	CEACAM7	10674	3411	10674	3411	-1.6456	2.6379e+07	8.4311e+07	1.2547	0.10479	0.89521	0.20957	0.53791	False
NCR2_52133	NCR2	41667	85603	41667	85603	1.0387	9.6518e+08	1.229e+09	1.2533	0.88099	0.11901	0.23802	0.57628	True
TAS2R1_11868	TAS2R1	17208	35600	17208	35600	1.0487	1.6913e+08	2.1573e+08	1.2522	0.8803	0.1197	0.23939	0.57628	True
SDR9C7_25563	SDR9C7	97784	1.9913e+05	97784	1.9913e+05	1.0261	5.1358e+09	6.5832e+09	1.2491	0.88056	0.11944	0.23887	0.57628	True
REG3A_26656	REG3A	60874	19735	60874	19735	-1.625	8.4621e+08	2.5909e+09	1.2487	0.10589	0.89411	0.21178	0.54155	False
HNRNPU_59641	HNRNPU	39862	12996	39862	12996	-1.6169	3.6091e+08	1.1264e+09	1.2438	0.10678	0.89322	0.21356	0.5441	False
CRNN_73877	CRNN	1291.9	2721	1291.9	2721	1.0741	1.0212e+06	1.3237e+06	1.2421	0.8768	0.1232	0.2464	0.58081	True
COPS3_36872	COPS3	25291	8301.7	25291	8301.7	-1.607	1.4432e+08	4.6019e+08	1.2381	0.10784	0.89216	0.21567	0.54747	False
ISX_38470	ISX	97467	1.9758e+05	97467	1.9758e+05	1.0194	5.0108e+09	6.5412e+09	1.2378	0.8782	0.1218	0.24359	0.5795	True
DMP1_34408	DMP1	70358	1.4286e+05	70358	1.4286e+05	1.0218	2.6281e+09	3.4449e+09	1.2352	0.8775	0.1225	0.245	0.5795	True
PUF60_66565	PUF60	4685.8	1537.7	4685.8	1537.7	-1.6069	4.9552e+06	1.6689e+07	1.2351	0.10841	0.89159	0.21681	0.54836	False
SIGLECL1_16397	SIGLECL1	49457	16450	49457	16450	-1.588	5.4473e+08	1.7218e+09	1.2304	0.10927	0.89073	0.21854	0.5504	False
GTPBP4_29632	GTPBP4	74262	24872	74262	24872	-1.5781	1.2197e+09	3.831e+09	1.2265	0.11	0.89	0.22	0.5504	False
C1orf146_19902	C1orf146	14870	30320	14870	30320	1.0278	1.1935e+08	1.6186e+08	1.2144	0.8722	0.1278	0.2556	0.5839	True
BRDT_25980	BRDT	61183	1.2329e+05	61183	1.2329e+05	1.0108	1.9285e+09	2.6169e+09	1.2141	0.87292	0.12708	0.25417	0.5839	True
HTR3C_52812	HTR3C	43463	87696	43463	87696	1.0127	9.7829e+08	1.3353e+09	1.2105	0.87195	0.12805	0.2561	0.5839	True
C1orf146_19903	C1orf146	1.0981e+05	2.1934e+05	1.0981e+05	2.1934e+05	0.99809	5.9977e+09	8.2713e+09	1.2043	0.87111	0.12889	0.25778	0.5839	True
SDR9C7_25564	SDR9C7	10271	3549.9	10271	3549.9	-1.5325	2.2589e+07	7.8161e+07	1.2004	0.11499	0.88501	0.22999	0.56922	False
ZG16_45623	ZG16	17568	35544	17568	35544	1.0166	1.6157e+08	2.247e+08	1.1992	0.86898	0.13102	0.26205	0.58769	True
KRTAP10-4_30359	KRTAP10-4	36477	12863	36477	12863	-1.5037	2.7882e+08	9.4595e+08	1.1885	0.11732	0.88268	0.23463	0.57456	False
MEP1B_56775	MEP1B	54961	1.0946e+05	54961	1.0946e+05	0.99397	1.4853e+09	2.119e+09	1.184	0.86625	0.13375	0.26751	0.59252	True
MRGPRX2_12214	MRGPRX2	61991	1.2333e+05	61991	1.2333e+05	0.99243	1.8815e+09	2.6853e+09	1.1838	0.86627	0.13373	0.26747	0.59252	True
RNASE8_19329	RNASE8	30430	60704	30430	60704	0.99629	4.5827e+08	6.6219e+08	1.1765	0.86421	0.13579	0.27158	0.59685	True
RTP1_11477	RTP1	22260	7974.3	22260	7974.3	-1.4809	1.0204e+08	3.5798e+08	1.1763	0.11975	0.88025	0.23949	0.57628	False
CRNN_73875	CRNN	44692	88795	44692	88795	0.99043	9.7251e+08	1.4107e+09	1.1742	0.86392	0.13608	0.27216	0.59685	True
NCR2_52135	NCR2	99790	1.9663e+05	99790	1.9663e+05	0.97853	4.6892e+09	6.8515e+09	1.17	0.86342	0.13658	0.27315	0.59715	True
MT1B_26665	MT1B	48532	17606	48532	17606	-1.4628	4.7821e+08	1.659e+09	1.1686	0.12128	0.87872	0.24256	0.5795	False
GK2_58549	GK2	1343.9	484.92	1343.9	484.92	-1.4687	3.689e+05	1.4306e+06	1.1669	0.12162	0.87838	0.24324	0.5795	False
METTL16_10112	METTL16	36097	13194	36097	13194	-1.4519	2.6226e+08	9.2663e+08	1.1626	0.12251	0.87749	0.24501	0.5795	False
MEPE_2169	MEPE	4274.9	8612.6	4274.9	8612.6	1.0104	9.4077e+06	1.3933e+07	1.1621	0.85972	0.14028	0.28056	0.60382	True
TFAP2D_34057	TFAP2D	27609	54730	27609	54730	0.98718	3.6778e+08	5.4683e+08	1.1598	0.86033	0.13967	0.27933	0.60305	True
CRX_7229	CRX	1.0345e+05	2.0274e+05	1.0345e+05	2.0274e+05	0.9707	4.9295e+09	7.3549e+09	1.1578	0.86066	0.13934	0.27868	0.60305	True
CRX_7228	CRX	20683	7644.8	20683	7644.8	-1.4358	8.5e+07	3.0979e+08	1.1535	0.12436	0.87564	0.24872	0.58222	False
TSPAN16_7200	TSPAN16	21080	7796.1	21080	7796.1	-1.4349	8.8233e+07	3.216e+08	1.1531	0.12444	0.87556	0.24888	0.58222	False
TCHHL1_62149	TCHHL1	1146.9	422.75	1146.9	422.75	-1.4377	2.6217e+05	1.0474e+06	1.1515	0.12476	0.87524	0.24952	0.58222	False
HUWE1_61049	HUWE1	13661	5085.5	13661	5085.5	-1.4255	3.6773e+07	1.3699e+08	1.1476	0.12557	0.87443	0.25114	0.5839	False
MUC7_58299	MUC7	11498	22750	11498	22750	0.98446	6.3307e+07	9.758e+07	1.1391	0.85494	0.14506	0.29012	0.61145	True
CEACAM7_4030	CEACAM7	32939	12477	32939	12477	-1.4004	2.0935e+08	7.7392e+08	1.1362	0.12793	0.87207	0.25586	0.5839	False
UQCRFS1_67402	UQCRFS1	45117	88183	45117	88183	0.96681	9.2735e+08	1.4372e+09	1.136	0.85507	0.14493	0.28986	0.61145	True
PSKH2_58673	PSKH2	46676	91184	46676	91184	0.96607	9.9047e+08	1.5365e+09	1.1355	0.85496	0.14504	0.29009	0.61145	True
IMP3_71791	IMP3	33398	12674	33398	12674	-1.3978	2.1474e+08	7.9526e+08	1.1349	0.12821	0.87179	0.25642	0.5839	False
LSG1_4326	LSG1	6276.3	2374.9	6276.3	2374.9	-1.4017	7.6104e+06	2.9657e+07	1.1345	0.12829	0.87171	0.25659	0.5839	False
SLC32A1_36689	SLC32A1	1390.6	528.44	1390.6	528.44	-1.3942	3.7166e+05	1.53e+06	1.1297	0.12931	0.87069	0.25862	0.5839	False
ZNF574_53196	ZNF574	67764	25945	67764	25945	-1.385	8.7439e+08	3.1994e+09	1.1295	0.12933	0.87067	0.25867	0.5839	False
ANKRD30A_15959	ANKRD30A	26829	52448	26829	52448	0.96708	3.2818e+08	5.1685e+08	1.1269	0.85257	0.14743	0.29487	0.61145	True
NUP155_59655	NUP155	75878	29365	75878	29365	-1.3696	1.0817e+09	3.9968e+09	1.1217	0.13099	0.86901	0.26197	0.58769	False
RPTN_73120	RPTN	2759.5	1069.3	2759.5	1069.3	-1.3669	1.4284e+06	5.8898e+06	1.116	0.13221	0.86779	0.26442	0.5911	False
SPRR4_44	SPRR4	96893	38180	96893	38180	-1.3435	1.7236e+09	6.4656e+09	1.1086	0.13381	0.86619	0.26762	0.59252	False
KRT2_56182	KRT2	5596.1	10971	5596.1	10971	0.97105	1.4444e+07	2.3666e+07	1.1048	0.84615	0.15385	0.3077	0.61145	True
DNM2_64937	DNM2	38686	74577	38686	74577	0.94688	6.4405e+08	1.062e+09	1.1013	0.84659	0.15341	0.30683	0.61145	True
NUP155_59654	NUP155	1391.6	551.24	1391.6	551.24	-1.3344	3.5308e+05	1.5321e+06	1.0991	0.13587	0.86413	0.27174	0.59685	False
NCR2_52134	NCR2	44749	17957	44749	17957	-1.3173	3.5891e+08	1.4142e+09	1.0934	0.13711	0.86289	0.27421	0.59733	False
CPSF2_4897	CPSF2	3787.4	1516.9	3787.4	1516.9	-1.3195	2.5776e+06	1.098e+07	1.0917	0.13748	0.86252	0.27496	0.59733	False
KANSL3_73783	KANSL3	39973	76688	39973	76688	0.93997	6.7401e+08	1.1326e+09	1.091	0.84404	0.15596	0.31192	0.61145	True
DMP1_34406	DMP1	46847	89222	46847	89222	0.92942	8.9781e+08	1.5476e+09	1.0772	0.84068	0.15932	0.31864	0.61145	True
DMRTC2_65048	DMRTC2	86386	35596	86386	35596	-1.2791	1.2898e+09	5.1587e+09	1.0741	0.1414	0.8586	0.28279	0.60673	False
TTI1_75615	TTI1	7598	14653	7598	14653	0.94746	2.4889e+07	4.3193e+07	1.0735	0.83849	0.16151	0.32303	0.61145	True
CCT8L2_26470	CCT8L2	68705	28766	68705	28766	-1.256	7.9757e+08	3.2874e+09	1.0613	0.14428	0.85572	0.28856	0.61145	False
TREML4_14194	TREML4	12532	23908	12532	23908	0.93187	6.4713e+07	1.156e+08	1.0581	0.83487	0.16513	0.33026	0.61145	True
EIF3A_36781	EIF3A	1.1749e+05	49475	1.1749e+05	49475	-1.2477	2.313e+09	9.4472e+09	1.0576	0.14512	0.85488	0.29023	0.61145	False
F13B_21473	F13B	429.66	180.29	429.66	180.29	-1.2482	31091	1.5203e+05	1.0551	0.14569	0.85431	0.29139	0.61145	False
HSD17B10_2880	HSD17B10	59109	24942	59109	24942	-1.2448	5.8369e+08	2.4452e+09	1.0549	0.14572	0.85428	0.29145	0.61145	False
ANKRD30A_15961	ANKRD30A	2714.3	5230.5	2714.3	5230.5	0.94615	3.1659e+06	5.7012e+06	1.0538	0.83263	0.16737	0.33474	0.61145	True
CD200R1L_60525	CD200R1L	209.53	412.39	209.53	412.39	0.97349	20577	37115	1.053	0.83035	0.16965	0.33929	0.6164	True
RNASE11_63972	RNASE11	12135	5129	12135	5129	-1.2423	2.4545e+07	1.0851e+08	1.0518	0.14646	0.85354	0.29291	0.61145	False
LALBA_73699	LALBA	9337.8	17785	9337.8	17785	0.92941	3.5675e+07	6.4801e+07	1.0493	0.83236	0.16764	0.33528	0.61145	True
ZNF679_56195	ZNF679	1309.7	555.38	1309.7	555.38	-1.2362	2.8448e+05	1.3598e+06	1.0475	0.14744	0.85256	0.29488	0.61145	False
ACTB_44180	ACTB	34661	14757	34661	14757	-1.2319	1.9809e+08	8.5553e+08	1.0472	0.14749	0.85251	0.29499	0.61145	False
ACTL6A_37885	ACTL6A	23945	45042	23945	45042	0.91151	2.2254e+08	4.1324e+08	1.0378	0.83002	0.16998	0.33996	0.6164	True
KRT78_68325	KRT78	40245	75285	40245	75285	0.90354	6.1391e+08	1.1478e+09	1.0343	0.82947	0.17053	0.34106	0.6164	True
KRTAP4-4_54198	KRTAP4-4	48906	91292	48906	91292	0.90046	8.9828e+08	1.6843e+09	1.0328	0.82922	0.17078	0.34155	0.6164	True
PDE6H_40692	PDE6H	8969.8	16931	8969.8	16931	0.91643	3.1689e+07	5.9872e+07	1.0289	0.82691	0.17309	0.34619	0.61991	True
BRDT_25978	BRDT	78454	1.4528e+05	78454	1.4528e+05	0.88889	2.2327e+09	4.2682e+09	1.0228	0.82692	0.17308	0.34615	0.61991	True
MEP1B_56773	MEP1B	54778	1.0155e+05	54778	1.0155e+05	0.89046	1.0936e+09	2.1052e+09	1.0193	0.82571	0.17429	0.34858	0.62108	True
KCNK18_63625	KCNK18	68884	1.2737e+05	68884	1.2737e+05	0.88674	1.7101e+09	3.3043e+09	1.0174	0.82536	0.17464	0.34927	0.62108	True
DNM2_64936	DNM2	22758	42389	22758	42389	0.89731	1.927e+08	3.7389e+08	1.0153	0.82395	0.17605	0.35209	0.62108	True
CXorf66_37077	CXorf66	34359	63796	34359	63796	0.89275	4.3327e+08	8.4093e+08	1.0151	0.82423	0.17577	0.35155	0.62108	True
GRWD1_16465	GRWD1	73312	1.3531e+05	73312	1.3531e+05	0.88414	1.9219e+09	3.7352e+09	1.0144	0.82461	0.17539	0.35078	0.62108	True
TIMM13_41890	TIMM13	72017	32030	72017	32030	-1.1689	7.9951e+08	3.6066e+09	1.0134	0.15544	0.84456	0.31087	0.61145	False
BYSL_44298	BYSL	13184	5854.3	13184	5854.3	-1.1711	2.6866e+07	1.2774e+08	1.0129	0.15554	0.84446	0.31108	0.61145	False
IL17F_4115	IL17F	79838	1.4696e+05	79838	1.4696e+05	0.88025	2.2526e+09	4.4176e+09	1.0099	0.82344	0.17656	0.35311	0.62108	True
CYP2A13_26624	CYP2A13	52354	23432	52354	23432	-1.1598	4.1825e+08	1.9258e+09	1.0079	0.15675	0.84325	0.31349	0.61145	False
ZNF574_53194	ZNF574	25297	11408	25297	11408	-1.1488	9.6446e+07	4.6038e+08	1.0011	0.1584	0.8416	0.3168	0.61145	False
GUCA2A_24507	GUCA2A	1990.3	3746.8	1990.3	3746.8	0.91232	1.5426e+06	3.097e+06	0.99808	0.81731	0.18269	0.36539	0.63408	True
KRT84_35486	KRT84	16285	30169	16285	30169	0.88952	9.6387e+07	1.9354e+08	0.99802	0.81898	0.18102	0.36204	0.63045	True
KRT2_56183	KRT2	61810	28356	61810	28356	-1.1242	5.5961e+08	2.6699e+09	0.988	0.16158	0.83842	0.32315	0.61145	False
SLC22A25_13476	SLC22A25	17679	8167	17679	8167	-1.114	4.5234e+07	2.2748e+08	0.98119	0.16325	0.83675	0.3265	0.61145	False
HUWE1_61048	HUWE1	24923	11613	24923	11613	-1.1017	8.858e+07	4.4711e+08	0.9744	0.16493	0.83507	0.32986	0.61145	False
TSPAN16_7199	TSPAN16	16581	30355	16581	30355	0.87236	9.4863e+07	2.0054e+08	0.97267	0.81192	0.18808	0.37617	0.64822	True
CHRNA6_66353	CHRNA6	4.3351	0	4.3351	0	-2.4155	9.3965	22.254	0.96815	0.16648	0.83352	0.33297	0.61145	False
FTSJ3_19706	FTSJ3	0	0	4.3351	0	-2.4155	0	22.254	0.96815	0.16648	0.83352	0.33297	0.61145	False
CCT5_23764	CCT5	0	0	4.3351	0	-2.4155	0	22.254	0.96815	0.16648	0.83352	0.33297	0.61145	False
EIF2S3_50675	EIF2S3	0	0	4.3351	0	-2.4155	0	22.254	0.96815	0.16648	0.83352	0.33297	0.61145	False
NUP155_59653	NUP155	0	0	4.3351	0	-2.4155	0	22.254	0.96815	0.16648	0.83352	0.33297	0.61145	False
IL21_42431	IL21	0	0	4.3351	0	-2.4155	0	22.254	0.96815	0.16648	0.83352	0.33297	0.61145	False
TAS2R1_11870	TAS2R1	0	0	4.3351	0	-2.4155	0	22.254	0.96815	0.16648	0.83352	0.33297	0.61145	False
AFM_7360	AFM	0	0	4.3351	0	-2.4155	0	22.254	0.96815	0.16648	0.83352	0.33297	0.61145	False
SULT6B1_11669	SULT6B1	0	0	4.3351	0	-2.4155	0	22.254	0.96815	0.16648	0.83352	0.33297	0.61145	False
NPVF_26369	NPVF	0	0	4.3351	0	-2.4155	0	22.254	0.96815	0.16648	0.83352	0.33297	0.61145	False
ANKRD30A_15962	ANKRD30A	0	0	4.3351	0	-2.4155	0	22.254	0.96815	0.16648	0.83352	0.33297	0.61145	False
C12orf40_24458	C12orf40	0	0	4.3351	0	-2.4155	0	22.254	0.96815	0.16648	0.83352	0.33297	0.61145	False
C12orf40_24457	C12orf40	0	0	4.3351	0	-2.4155	0	22.254	0.96815	0.16648	0.83352	0.33297	0.61145	False
MEPE_2171	MEPE	0	0	4.3351	0	-2.4155	0	22.254	0.96815	0.16648	0.83352	0.33297	0.61145	False
PDCL2_70516	PDCL2	0	0	4.3351	0	-2.4155	0	22.254	0.96815	0.16648	0.83352	0.33297	0.61145	False
CST8_13431	CST8	0	0	4.3351	0	-2.4155	0	22.254	0.96815	0.16648	0.83352	0.33297	0.61145	False
TCHHL1_62148	TCHHL1	0	0	4.3351	0	-2.4155	0	22.254	0.96815	0.16648	0.83352	0.33297	0.61145	False
KRTAP11-1_11923	KRTAP11-1	0	0	4.3351	0	-2.4155	0	22.254	0.96815	0.16648	0.83352	0.33297	0.61145	False
IL1F10_20887	IL1F10	0	0	4.3351	0	-2.4155	0	22.254	0.96815	0.16648	0.83352	0.33297	0.61145	False
IL17F_4113	IL17F	0	0	4.3351	0	-2.4155	0	22.254	0.96815	0.16648	0.83352	0.33297	0.61145	False
IL17F_4114	IL17F	0	0	4.3351	0	-2.4155	0	22.254	0.96815	0.16648	0.83352	0.33297	0.61145	False
TRHR_67756	TRHR	0	0	4.3351	0	-2.4155	0	22.254	0.96815	0.16648	0.83352	0.33297	0.61145	False
FOXR1_55286	FOXR1	0	0	4.3351	0	-2.4155	0	22.254	0.96815	0.16648	0.83352	0.33297	0.61145	False
EFCAB3_5705	EFCAB3	0	0	4.3351	0	-2.4155	0	22.254	0.96815	0.16648	0.83352	0.33297	0.61145	False
TFAP2D_34060	TFAP2D	0	0	4.3351	0	-2.4155	0	22.254	0.96815	0.16648	0.83352	0.33297	0.61145	False
IL9_26358	IL9	0	0	4.3351	0	-2.4155	0	22.254	0.96815	0.16648	0.83352	0.33297	0.61145	False
DMP1_34405	DMP1	0	0	4.3351	0	-2.4155	0	22.254	0.96815	0.16648	0.83352	0.33297	0.61145	False
GABRA6_60559	GABRA6	0	0	4.3351	0	-2.4155	0	22.254	0.96815	0.16648	0.83352	0.33297	0.61145	False
GABRA6_60557	GABRA6	0	0	4.3351	0	-2.4155	0	22.254	0.96815	0.16648	0.83352	0.33297	0.61145	False
CHRNA6_66355	CHRNA6	0	0	4.3351	0	-2.4155	0	22.254	0.96815	0.16648	0.83352	0.33297	0.61145	False
KRTAP10-8_52259	KRTAP10-8	62201	1.125e+05	62201	1.125e+05	0.85492	1.2651e+09	2.7032e+09	0.96746	0.81152	0.18848	0.37696	0.64822	True
IL21_42434	IL21	15825	28890	15825	28890	0.86838	8.5356e+07	1.8293e+08	0.96603	0.80999	0.19001	0.38001	0.65093	True
TYR_40740	TYR	470.6	221.74	470.6	221.74	-1.0822	30966	1.8181e+05	0.9643	0.16745	0.83255	0.33489	0.61145	False
TAAR2_48600	TAAR2	41000	74162	41000	74162	0.85503	5.4985e+08	1.1905e+09	0.96109	0.80937	0.19063	0.38125	0.65093	True
SLC32A1_36692	SLC32A1	1.5773e+05	2.8083e+05	1.5773e+05	2.8083e+05	0.83219	7.576e+09	1.6865e+10	0.94784	0.80669	0.19331	0.38661	0.65667	True
DMRTC2_65049	DMRTC2	77726	37561	77726	37561	-1.0491	8.0661e+08	4.1905e+09	0.94491	0.17235	0.82765	0.3447	0.61991	False
MC5R_60419	MC5R	43086	77123	43086	77123	0.83995	5.7929e+08	1.3126e+09	0.9395	0.8032	0.1968	0.39359	0.66631	True
MC5R_60417	MC5R	93568	1.661e+05	93568	1.661e+05	0.82797	2.6305e+09	6.0363e+09	0.93357	0.80214	0.19786	0.39573	0.66725	True
VN1R2_2106	VN1R2	3620.3	6577.5	3620.3	6577.5	0.86127	4.3727e+06	1.0047e+07	0.93298	0.79914	0.20086	0.40173	0.67246	True
IL3_34063	IL3	32083	57269	32083	57269	0.83591	3.1716e+08	7.3483e+08	0.92909	0.79991	0.20009	0.40018	0.67246	True
TUBGCP2_47759	TUBGCP2	711.92	350.22	711.92	350.22	-1.0214	65412	4.1016e+05	0.92894	0.17646	0.82354	0.35292	0.62108	False
ISX_38469	ISX	96699	1.7081e+05	96699	1.7081e+05	0.82079	2.746e+09	6.4402e+09	0.92346	0.7992	0.2008	0.40159	0.67246	True
INSL5_44286	INSL5	6842.7	3404.8	6842.7	3404.8	-1.0068	5.9095e+06	3.5152e+07	0.9191	0.17902	0.82098	0.35804	0.62685	False
UPF1_41942	UPF1	7306.6	3636.9	7306.6	3636.9	-1.0063	6.7331e+06	3.9994e+07	0.9188	0.1791	0.8209	0.3582	0.62685	False
TFAP2D_34058	TFAP2D	3124.2	1568.7	3124.2	1568.7	-0.9934	1.2097e+06	7.5183e+06	0.91142	0.18104	0.81896	0.36208	0.63045	False
SSX5_30423	SSX5	89547	45394	89547	45394	-0.98012	9.7472e+08	5.5366e+09	0.904	0.183	0.817	0.36599	0.63408	False
DDX41_33823	DDX41	24357	12446	24357	12446	-0.96855	7.0931e+07	4.2734e+08	0.89655	0.18498	0.81502	0.36996	0.63936	False
CD200R1L_60524	CD200R1L	11267	19927	11267	19927	0.82261	3.7502e+07	9.3765e+07	0.89438	0.78859	0.21141	0.42283	0.68946	True
F9_64054	F9	31461	55229	31461	55229	0.81184	2.8246e+08	7.0707e+08	0.89385	0.78937	0.21063	0.42127	0.68853	True
ACTRT1_33701	ACTRT1	1145.9	2053.7	1145.9	2053.7	0.84115	4.1201e+05	1.0457e+06	0.88771	0.78435	0.21565	0.4313	0.69695	True
SLC22A25_13478	SLC22A25	16399	28668	16399	28668	0.80585	7.5274e+07	1.9622e+08	0.87593	0.78327	0.21673	0.43346	0.69695	True
ECD_44046	ECD	36287	18999	36287	18999	-0.9335	1.4944e+08	9.3627e+08	0.87541	0.19068	0.80932	0.38135	0.65093	False
RNASE11_63973	RNASE11	81321	1.4032e+05	81321	1.4032e+05	0.78703	1.7405e+09	4.5804e+09	0.87177	0.78349	0.21651	0.43303	0.69695	True
COPB1_14161	COPB1	61183	32289	61183	32289	-0.92208	4.1744e+08	2.6169e+09	0.86851	0.19256	0.80744	0.38511	0.65573	False
IL9_26359	IL9	26443	45846	26443	45846	0.79388	1.8824e+08	5.0233e+08	0.86571	0.78055	0.21945	0.4389	0.70244	True
PASD1_22673	PASD1	2786.5	4901	2786.5	4901	0.81441	2.2356e+06	6.0036e+06	0.863	0.77752	0.22248	0.44497	0.70888	True
MMP21_13305	MMP21	17777	30706	17777	30706	0.78847	8.3577e+07	2.2998e+08	0.85254	0.77604	0.22396	0.44791	0.71193	True
KRT86_4072	KRT86	48976	26329	48976	26329	-0.89542	2.5646e+08	1.689e+09	0.85201	0.19711	0.80289	0.39421	0.66631	False
F9_64053	F9	60235	1.0285e+05	60235	1.0285e+05	0.77188	9.0809e+08	2.5377e+09	0.84599	0.77516	0.22484	0.44968	0.71311	True
MRGPRX2_12213	MRGPRX2	57105	97327	57105	97327	0.76921	8.089e+08	2.2847e+09	0.84148	0.77368	0.22632	0.45263	0.71457	True
PASD1_22675	PASD1	67152	1.1429e+05	67152	1.1429e+05	0.76726	1.1112e+09	3.1428e+09	0.84093	0.77367	0.22633	0.45267	0.71457	True
DAZL_3134	DAZL	1431.1	789.55	1431.1	789.55	-0.85716	2.0577e+05	1.6188e+06	0.83024	0.2032	0.7968	0.4064	0.67864	False
OGT_8090	OGT	2779.3	1539.7	2779.3	1539.7	-0.85161	7.6823e+05	5.973e+06	0.82604	0.20439	0.79561	0.40878	0.68015	False
DHX8_29851	DHX8	51444	28488	51444	28488	-0.8526	2.6348e+08	1.8605e+09	0.82518	0.20463	0.79537	0.40927	0.68015	False
SPATA16_65512	SPATA16	48200	81475	48200	81475	0.7573	5.5361e+08	1.6368e+09	0.82248	0.76745	0.23255	0.46511	0.72094	True
KRT86_4071	KRT86	55619	93922	55619	93922	0.75588	7.3356e+08	2.1692e+09	0.82239	0.76756	0.23244	0.46487	0.72094	True
RNASE11_63975	RNASE11	4363.5	2426.7	4363.5	2426.7	-0.84624	1.8756e+06	1.4507e+07	0.82229	0.20546	0.79454	0.41091	0.68125	False
WDR33_58217	WDR33	32574	18164	32574	18164	-0.84261	1.0382e+08	7.5711e+08	0.81895	0.20641	0.79359	0.41282	0.68277	False
CHAT_2091	CHAT	93074	51999	93074	51999	-0.8399	8.4361e+08	5.9739e+09	0.81706	0.20695	0.79305	0.41389	0.68292	False
DHX8_29849	DHX8	39918	22435	39918	22435	-0.83126	1.5283e+08	1.1295e+09	0.81169	0.20848	0.79152	0.41697	0.68636	False
HNRNPU_59642	HNRNPU	52274	29448	52274	29448	-0.82792	2.6052e+08	1.92e+09	0.80949	0.20912	0.79088	0.41823	0.68681	False
IL3_34064	IL3	77248	43699	77248	43699	-0.82187	5.6275e+08	4.14e+09	0.80554	0.21025	0.78975	0.42051	0.68853	False
GK2_58551	GK2	15168	25591	15168	25591	0.75453	5.4315e+07	1.6831e+08	0.80338	0.76005	0.23995	0.4799	0.72772	True
DMRT1_3338	DMRT1	84884	48938	84884	48938	-0.79453	6.4606e+08	4.9837e+09	0.78785	0.21539	0.78461	0.43078	0.69695	False
CCT8L2_26472	CCT8L2	3353	5665.7	3353	5665.7	0.75665	2.6745e+06	8.6398e+06	0.78683	0.75293	0.24707	0.49413	0.74073	True
IAPP_39695	IAPP	72450	1.1997e+05	72450	1.1997e+05	0.72757	1.1289e+09	3.6493e+09	0.78658	0.75614	0.24386	0.48772	0.73636	True
KRTAP4-4_54201	KRTAP4-4	60401	34888	60401	34888	-0.79184	3.2547e+08	2.5514e+09	0.78621	0.21587	0.78413	0.43174	0.69695	False
HUWE1_61051	HUWE1	1.1621e+05	67112	1.1621e+05	67112	-0.79204	1.2052e+09	9.2454e+09	0.78616	0.21589	0.78411	0.43178	0.69695	False
C1orf146_19901	C1orf146	3249.9	1900.3	3249.9	1900.3	-0.77383	9.1065e+05	8.125e+06	0.77687	0.21862	0.78138	0.43724	0.7014	False
HDAC3_45669	HDAC3	42005	24627	42005	24627	-0.77026	1.5098e+08	1.2486e+09	0.77232	0.21996	0.78004	0.43992	0.70246	False
TMPRSS11F_11763	TMPRSS11F	3905	6538.2	3905	6538.2	0.74343	3.4669e+06	1.166e+07	0.77114	0.74781	0.25219	0.50438	0.74561	True
RNF17_7253	RNF17	8132.6	13526	8132.6	13526	0.73387	1.4544e+07	4.9376e+07	0.76755	0.74741	0.25259	0.50517	0.74561	True
CCDC172_35256	CCDC172	4430	7373.3	4430	7373.3	0.73488	4.3316e+06	1.4944e+07	0.76138	0.74463	0.25537	0.51074	0.74561	True
IL3_34062	IL3	87843	1.4312e+05	87843	1.4312e+05	0.70419	1.5276e+09	5.3312e+09	0.75701	0.74646	0.25354	0.50709	0.74561	True
GH2_53586	GH2	38614	63183	38614	63183	0.71041	3.0183e+08	1.058e+09	0.75534	0.74499	0.25501	0.51002	0.74561	True
ISX_38471	ISX	77878	1.2684e+05	77878	1.2684e+05	0.70372	1.1987e+09	4.2067e+09	0.75491	0.74561	0.25439	0.50878	0.74561	True
ACTL6A_37887	ACTL6A	65653	1.0649e+05	65653	1.0649e+05	0.69779	8.3386e+08	3.0063e+09	0.74482	0.74199	0.25801	0.51602	0.75127	True
KRT38_62435	KRT38	1.259e+05	76011	1.259e+05	76011	-0.72797	1.2443e+09	1.0823e+10	0.74372	0.22852	0.77148	0.45704	0.71941	False
TYR_40739	TYR	55509	33592	55509	33592	-0.72458	2.4018e+08	2.1609e+09	0.74197	0.22905	0.77095	0.45811	0.71941	False
POP5_31695	POP5	56260	34090	56260	34090	-0.72277	2.4577e+08	2.2187e+09	0.74075	0.22942	0.77058	0.45885	0.71941	False
HNRNPU_59643	HNRNPU	21220	12904	21220	12904	-0.71754	3.4577e+07	3.2582e+08	0.7381	0.23023	0.76977	0.46046	0.72031	False
KRT38_62432	KRT38	55763	34009	55763	34009	-0.71339	2.3663e+08	2.1803e+09	0.73447	0.23133	0.76867	0.46266	0.72094	False
ZNF679_56194	ZNF679	54313	33197	54313	33197	-0.71026	2.2296e+08	2.0702e+09	0.73239	0.23196	0.76804	0.46393	0.72094	False
POLR2C_32860	POLR2C	10974	6751.6	10974	6751.6	-0.70064	8.9124e+06	8.9023e+07	0.72757	0.23344	0.76656	0.46687	0.72094	False
BANF2_8590	BANF2	59001	94865	59001	94865	0.68513	6.4311e+08	2.4364e+09	0.72659	0.73559	0.26441	0.52881	0.7648	True
PRPF38B_47124	PRPF38B	25182	15497	25182	15497	-0.70036	4.6897e+07	4.5627e+08	0.72645	0.23378	0.76622	0.46756	0.72094	False
UBTF_54882	UBTF	1.0565e+05	64996	1.0565e+05	64996	-0.7008	8.2619e+08	7.665e+09	0.7255	0.23407	0.76593	0.46814	0.72094	False
HDAC3_45670	HDAC3	1.0493e+05	64712	1.0493e+05	64712	-0.69731	8.0875e+08	7.5632e+09	0.72314	0.2348	0.7652	0.46959	0.72157	False
C12orf40_24459	C12orf40	4800.9	2977.9	4800.9	2977.9	-0.68881	1.6616e+06	1.7505e+07	0.72083	0.23551	0.76449	0.47102	0.72197	False
PUF60_66567	PUF60	59081	36595	59081	36595	-0.69102	2.528e+08	2.4429e+09	0.71933	0.23597	0.76403	0.47194	0.72197	False
C10orf53_61434	C10orf53	8791.6	5473	8791.6	5473	-0.68369	5.5065e+06	5.7554e+07	0.71653	0.23683	0.76317	0.47366	0.72301	False
KRTAP13-1_31404	KRTAP13-1	52134	32535	52134	32535	-0.68019	1.9205e+08	1.9099e+09	0.71209	0.2382	0.7618	0.47641	0.7256	False
TPRX1_57754	TPRX1	52462	83672	52462	83672	0.67347	4.8704e+08	1.9336e+09	0.70975	0.72959	0.27041	0.54082	0.77287	True
RNASE11_63974	RNASE11	7917.8	12772	7917.8	12772	0.68971	1.178e+07	4.6842e+07	0.70921	0.72716	0.27284	0.54568	0.77503	True
SLC22A25_13477	SLC22A25	64677	40493	64677	40493	-0.67556	2.9242e+08	2.919e+09	0.70872	0.23925	0.76075	0.4785	0.72719	False
CRX_7230	CRX	89263	1.4157e+05	89263	1.4157e+05	0.66542	1.3682e+09	5.5022e+09	0.70523	0.72862	0.27138	0.54277	0.77395	True
FAM47C_63215	FAM47C	32137	51263	32137	51263	0.67364	1.8289e+08	7.3728e+08	0.70436	0.72712	0.27288	0.54577	0.77503	True
DEFB129_4556	DEFB129	37500	23664	37500	23664	-0.66417	9.5713e+07	9.9881e+08	0.70151	0.24149	0.75851	0.48299	0.73081	False
IL36B_33506	IL36B	39413	62491	39413	62491	0.66495	2.6629e+08	1.1016e+09	0.69532	0.72416	0.27584	0.55169	0.77707	True
C16orf78_51475	C16orf78	81601	1.2879e+05	81601	1.2879e+05	0.65836	1.1134e+09	4.6116e+09	0.69489	0.72487	0.27513	0.55027	0.77707	True
KCNK18_63626	KCNK18	1.0572e+05	1.665e+05	1.0572e+05	1.665e+05	0.65529	1.8472e+09	7.6752e+09	0.69378	0.72478	0.27522	0.55045	0.77707	True
ARIH1_35172	ARIH1	51889	33066	51889	33066	-0.65006	1.7715e+08	1.8923e+09	0.69145	0.24464	0.75536	0.48928	0.73711	False
CEACAM7_4031	CEACAM7	37734	24263	37734	24263	-0.63711	9.0739e+07	1.0111e+09	0.68289	0.24734	0.75266	0.49468	0.74073	False
THOC2_44610	THOC2	69979	44978	69979	44978	-0.63769	3.1252e+08	3.4084e+09	0.68255	0.24745	0.75255	0.49489	0.74073	False
CSHL1_151	CSHL1	15139	9791.7	15139	9791.7	-0.62859	1.4297e+07	1.6767e+08	0.6783	0.24879	0.75121	0.49758	0.741	False
PSKH2_58672	PSKH2	13142	8504.8	13142	8504.8	-0.62773	1.075e+07	1.2693e+08	0.67792	0.24891	0.75109	0.49782	0.741	False
TPH2_60215	TPH2	7452	4830.6	7452	4830.6	-0.62533	3.436e+06	4.1575e+07	0.67721	0.24914	0.75086	0.49827	0.741	False
SIGLECL1_16395	SIGLECL1	5500.8	3583	5500.8	3583	-0.6183	1.8388e+06	2.2879e+07	0.67292	0.2505	0.7495	0.501	0.74345	False
BANF2_8588	BANF2	34683	22727	34683	22727	-0.60978	7.1467e+07	8.5656e+08	0.66399	0.25335	0.74665	0.5067	0.74561	False
ACTRT1_33702	ACTRT1	1.2988e+05	2.0062e+05	1.2988e+05	2.0062e+05	0.62733	2.5024e+09	1.1507e+10	0.6595	0.71276	0.28724	0.57449	0.79543	True
NANOGNB_55669	NANOGNB	24483	16160	24483	16160	-0.59931	3.4634e+07	4.3169e+08	0.65718	0.25553	0.74447	0.51106	0.74561	False
CST8_13434	CST8	33617	52210	33617	52210	0.63513	1.7286e+08	8.0554e+08	0.65511	0.70949	0.29051	0.58103	0.8005	True
DMRTC2_65051	DMRTC2	20121	31176	20121	31176	0.6317	6.1105e+07	2.9345e+08	0.64534	0.70525	0.29475	0.58949	0.80544	True
GMPS_60548	GMPS	3501.8	2350	3501.8	2350	-0.57522	6.633e+05	9.4104e+06	0.64402	0.25978	0.74022	0.51956	0.75483	False
SPATA21_74015	SPATA21	1.1604e+05	1.7709e+05	1.1604e+05	1.7709e+05	0.60979	1.8632e+09	9.2199e+09	0.63574	0.70395	0.29605	0.5921	0.80544	True
RTP1_11475	RTP1	13191	20377	13191	20377	0.62739	2.5822e+07	1.2786e+08	0.63554	0.70108	0.29892	0.59783	0.80711	True
BANF2_8587	BANF2	80101	1.2231e+05	80101	1.2231e+05	0.61063	8.9073e+08	4.4462e+09	0.63298	0.70246	0.29754	0.59507	0.80544	True
TSPAN16_7202	TSPAN16	10422	16092	10422	16092	0.62662	1.6072e+07	8.0434e+07	0.63216	0.69952	0.30048	0.60096	0.80711	True
CLTC_65730	CLTC	20849	14150	20849	14150	-0.55916	2.2439e+07	3.147e+08	0.62907	0.26465	0.73535	0.5293	0.7648	False
CYP2A13_26622	CYP2A13	64199	43517	64199	43517	-0.56097	2.1388e+08	2.8767e+09	0.62841	0.26487	0.73513	0.52973	0.7648	False
CST9L_1699	CST9L	4361.1	6743.3	4361.1	6743.3	0.62865	2.8375e+06	1.4491e+07	0.6258	0.69598	0.30402	0.60804	0.81503	True
OGDH_27644	OGDH	6264.7	4279.3	6264.7	4279.3	-0.54975	1.9708e+06	2.955e+07	0.62482	0.26604	0.73396	0.53209	0.76589	False
SLC22A9_24192	SLC22A9	1.1732e+05	1.7796e+05	1.1732e+05	1.7796e+05	0.60107	1.8385e+09	9.4209e+09	0.62474	0.6999	0.3001	0.60019	0.80711	True
SCN10A_71865	SCN10A	36271	24717	36271	24717	-0.55333	6.6755e+07	9.3546e+08	0.62389	0.26635	0.73365	0.5327	0.76589	False
TTI1_75616	TTI1	17611	12059	17611	12059	-0.54635	1.5414e+07	2.2578e+08	0.62025	0.26755	0.73245	0.5351	0.76775	False
COX7B2_9841	COX7B2	37972	57592	37972	57592	0.60091	1.9247e+08	1.0237e+09	0.6132	0.69414	0.30586	0.61171	0.81837	True
SPRR4_43	SPRR4	65476	45108	65476	45108	-0.53756	2.0742e+08	2.9904e+09	0.61145	0.27045	0.72955	0.5409	0.77287	False
MEPE_2170	MEPE	27261	41146	27261	41146	0.59387	9.6389e+07	5.3338e+08	0.60119	0.68918	0.31082	0.62164	0.8237	True
POLR1A_22179	POLR1A	568.86	402.03	568.86	402.03	-0.49972	13916	2.6391e+05	0.5961	0.27556	0.72444	0.55111	0.77707	False
KRT74_168	KRT74	81219	1.2146e+05	81219	1.2146e+05	0.58054	8.0952e+08	4.5692e+09	0.59526	0.6884	0.3116	0.62319	0.82418	True
PTPN23_67351	PTPN23	39680	27850	39680	27850	-0.51071	6.9971e+07	1.1163e+09	0.5928	0.27666	0.72334	0.55332	0.77779	False
DNM2_64939	DNM2	51305	76713	51305	76713	0.58037	3.2279e+08	1.8506e+09	0.59063	0.68604	0.31396	0.62793	0.82726	True
POLR2H_14571	POLR2H	10165	7178.5	10165	7178.5	-0.50177	4.459e+06	7.6575e+07	0.58926	0.27784	0.72216	0.55569	0.77954	False
IFNA6_59241	IFNA6	99516	1.48e+05	99516	1.48e+05	0.57256	1.1752e+09	6.8145e+09	0.58729	0.68566	0.31434	0.62868	0.82726	True
MT1B_26666	MT1B	1.0345e+05	73416	1.0345e+05	73416	-0.49476	4.5103e+08	7.3547e+09	0.57911	0.28126	0.71874	0.56251	0.78752	False
KRT2_56180	KRT2	50201	35826	50201	35826	-0.48668	1.0331e+08	1.7731e+09	0.57458	0.28279	0.71721	0.56558	0.79021	False
CSHL1_149	CSHL1	20566	14796	20566	14796	-0.475	1.6645e+07	3.0635e+08	0.56793	0.28504	0.71496	0.57008	0.79491	False
SLC22A25_13475	SLC22A25	14394	10384	14394	10384	-0.47101	8.0383e+06	1.5182e+08	0.56584	0.28575	0.71425	0.5715	0.79528	False
MBL2_67331	MBL2	1.0401e+05	74943	1.0401e+05	74943	-0.47288	4.2252e+08	7.4336e+09	0.56272	0.28681	0.71319	0.57363	0.79543	False
MRPL18_22544	MRPL18	58209	42070	58209	42070	-0.46843	1.3023e+08	2.3725e+09	0.56063	0.28753	0.71247	0.57505	0.79543	False
KRT84_35485	KRT84	87498	1.2815e+05	87498	1.2815e+05	0.55051	8.263e+08	5.2901e+09	0.55892	0.67464	0.32536	0.65071	0.85084	True
MAGEC3_62237	MAGEC3	26133	18960	26133	18960	-0.46291	2.5728e+07	4.908e+08	0.55836	0.2883	0.7117	0.5766	0.79598	False
DEFB123_61787	DEFB123	33080	48544	33080	48544	0.55334	1.1957e+08	7.8041e+08	0.55357	0.67121	0.32879	0.65759	0.85499	True
TMPRSS11F_11764	TMPRSS11F	24659	36177	24659	36177	0.55289	6.6321e+07	4.3784e+08	0.5504	0.66956	0.33044	0.66089	0.85607	True
F13B_21475	F13B	47938	35066	47938	35066	-0.45109	8.2847e+07	1.6193e+09	0.54803	0.29184	0.70816	0.58367	0.80255	False
COX15_1784	COX15	9031.9	13300	9031.9	13300	0.55829	9.1089e+06	6.0691e+07	0.54788	0.66712	0.33288	0.66577	0.85758	True
TONSL_32399	TONSL	67736	98696	67736	98696	0.54306	4.7926e+08	3.1969e+09	0.54757	0.66989	0.33011	0.66021	0.85607	True
NUDCD3_38091	NUDCD3	26770	19644	26770	19644	-0.44655	2.5394e+07	5.1463e+08	0.54603	0.29252	0.70748	0.58504	0.80284	False
TPH2_60214	TPH2	30467	44513	30467	44513	0.547	9.8658e+07	6.6376e+08	0.54522	0.66784	0.33216	0.66432	0.85758	True
CST8_13432	CST8	61849	45475	61849	45475	-0.44366	1.3405e+08	2.6732e+09	0.54179	0.29398	0.70602	0.58796	0.80525	False
YARS2_7518	YARS2	1.023e+05	75689	1.023e+05	75689	-0.43458	3.5396e+08	7.1942e+09	0.53367	0.29678	0.70322	0.59357	0.80544	False
CD200R1L_60526	CD200R1L	22565	16773	22565	16773	-0.42787	1.6769e+07	3.6768e+08	0.53236	0.29724	0.70276	0.59447	0.80544	False
MMP21_13303	MMP21	54779	40636	54779	40636	-0.43084	1.0001e+08	2.1052e+09	0.53233	0.29725	0.70275	0.5945	0.80544	False
PTPN23_67350	PTPN23	4048	3040.1	4048	3040.1	-0.41298	5.0795e+05	1.2515e+07	0.52613	0.2994	0.7006	0.5988	0.80711	False
MAGEC3_62236	MAGEC3	3907.8	5703	3907.8	5703	0.54524	1.6113e+06	1.1677e+07	0.52534	0.65697	0.34303	0.68606	0.87405	True
KRTAP10-8_52260	KRTAP10-8	56182	80099	56182	80099	0.51168	2.8602e+08	2.2127e+09	0.50846	0.65427	0.34573	0.69145	0.87584	True
KRT38_62433	KRT38	77332	1.1007e+05	77332	1.1007e+05	0.50924	5.3579e+08	4.1489e+09	0.50821	0.65465	0.34535	0.69071	0.87584	True
DAZL_3133	DAZL	1030.3	1498.3	1030.3	1498.3	0.5398	1.095e+05	8.4837e+05	0.50808	0.64795	0.35205	0.70409	0.87592	True
EFCAB3_5707	EFCAB3	4283.1	3278.4	4283.1	3278.4	-0.38555	5.0467e+05	1.3985e+07	0.50518	0.30672	0.69328	0.61344	0.8191	False
DAZL_3136	DAZL	25182	35936	25182	35936	0.51302	5.7825e+07	4.5629e+08	0.50344	0.65107	0.34893	0.69785	0.87584	True
KRT78_68326	KRT78	42344	60238	42344	60238	0.5085	1.601e+08	1.2685e+09	0.50241	0.65144	0.34856	0.69711	0.87584	True
GMPS_60550	GMPS	46632	35605	46632	35605	-0.38925	6.0804e+07	1.5336e+09	0.50072	0.30828	0.69172	0.61657	0.8205	False
THOC2_44609	THOC2	16063	12303	16063	12303	-0.3847	7.0691e+06	1.884e+08	0.50032	0.30843	0.69157	0.61685	0.8205	False
PASD1_22676	PASD1	53988	76593	53988	76593	0.50457	2.555e+08	2.0459e+09	0.49977	0.65076	0.34924	0.69848	0.87584	True
GH2_53588	GH2	19724	28111	19724	28111	0.51115	3.517e+07	2.8217e+08	0.49928	0.64904	0.35096	0.70192	0.87592	True
NPVF_26372	NPVF	2010	2895	2010	2895	0.52614	3.9161e+05	3.1578e+06	0.49802	0.64497	0.35503	0.71007	0.87592	True
KRTAP10-9_68639	KRTAP10-9	59274	45402	59274	45402	-0.38463	9.6213e+07	2.4587e+09	0.49644	0.30979	0.69021	0.61959	0.82255	False
FOXR1_55287	FOXR1	12488	17785	12488	17785	0.51001	1.4025e+07	1.1481e+08	0.49428	0.64633	0.35367	0.70734	0.87592	True
SULT6B1_11670	SULT6B1	17889	13911	17889	13911	-0.36281	7.9122e+06	2.3285e+08	0.483	0.31455	0.68545	0.6291	0.82726	False
SLC22A9_24191	SLC22A9	27761	39047	27761	39047	0.49213	6.3683e+07	5.5277e+08	0.48001	0.64182	0.35818	0.71636	0.88177	True
OTOP1_41901	OTOP1	26476	20630	26476	20630	-0.35992	1.7087e+07	5.0356e+08	0.4795	0.31579	0.68421	0.63159	0.82896	False
UQCRFS1_67403	UQCRFS1	44310	34657	44310	34657	-0.35445	4.6585e+07	1.387e+09	0.47359	0.3179	0.6821	0.63579	0.8329	False
BANF2_8589	BANF2	53366	73955	53366	73955	0.47071	2.1194e+08	1.9998e+09	0.4604	0.6349	0.3651	0.7302	0.89404	True
NPVF_26370	NPVF	95831	1.3198e+05	95831	1.3198e+05	0.46178	6.5346e+08	6.3269e+09	0.45449	0.63342	0.36658	0.73316	0.89608	True
OPALIN_42755	OPALIN	48983	39117	48983	39117	-0.32448	4.867e+07	1.6895e+09	0.4494	0.32657	0.67343	0.65315	0.85241	False
MUC7_58296	MUC7	44001	35277	44001	35277	-0.31879	3.8051e+07	1.368e+09	0.44518	0.32809	0.67191	0.65619	0.85477	False
KRTAP13-2_12937	KRTAP13-2	68650	94079	68650	94079	0.45461	3.2332e+08	3.2823e+09	0.44386	0.62856	0.37144	0.74288	0.90072	True
VPREB1_59280	VPREB1	20258	27902	20258	27902	0.46185	2.9214e+07	2.9739e+08	0.44325	0.62635	0.37365	0.7473	0.90072	True
SPRR4_42	SPRR4	67792	92726	67792	92726	0.45186	3.1086e+08	3.202e+09	0.44064	0.62723	0.37277	0.74555	0.90072	True
CHAT_2092	CHAT	37663	30527	37663	30527	-0.30303	2.5457e+07	1.0074e+09	0.433	0.33251	0.66749	0.66501	0.85758	False
OPALIN_42756	OPALIN	98968	1.3445e+05	98968	1.3445e+05	0.44207	6.2963e+08	6.741e+09	0.43221	0.62438	0.37562	0.75125	0.90072	True
CSHL1_150	CSHL1	719.14	592.68	719.14	592.68	-0.27859	7996.1	4.1839e+05	0.42939	0.33382	0.66618	0.66764	0.8584	False
MEPE_2172	MEPE	4311.5	5916.5	4311.5	5916.5	0.45646	1.288e+06	1.4168e+07	0.42639	0.6168	0.3832	0.7664	0.91123	True
KRTAP13-2_12935	KRTAP13-2	83566	1.1308e+05	83566	1.1308e+05	0.43633	4.355e+08	4.8325e+09	0.42454	0.62095	0.37905	0.7581	0.90736	True
GRWD1_16463	GRWD1	31628	25923	31628	25923	-0.28699	1.6278e+07	7.1448e+08	0.42061	0.33702	0.66298	0.67404	0.86502	False
MMP21_13304	MMP21	54185	73211	54185	73211	0.43416	1.81e+08	2.0606e+09	0.41914	0.61802	0.38198	0.76397	0.91123	True
OTOP1_41900	OTOP1	36710	49528	36710	49528	0.43209	8.2162e+07	9.5783e+08	0.4142	0.61533	0.38467	0.76935	0.91123	True
FOXR1_55285	FOXR1	73549	98589	73549	98589	0.42272	3.135e+08	3.759e+09	0.40841	0.61408	0.38592	0.77185	0.91123	True
DHX37_13791	DHX37	83950	69332	83950	69332	-0.27601	1.0684e+08	4.8763e+09	0.40807	0.34161	0.65839	0.68322	0.87405	False
CABP5_73373	CABP5	15019	20253	15019	20253	0.43129	1.3695e+07	1.6506e+08	0.40736	0.61098	0.38902	0.77804	0.91387	True
FTSJ3_19708	FTSJ3	23224	19289	23224	19289	-0.26782	7.7417e+06	3.8911e+08	0.4061	0.34233	0.65767	0.68467	0.87405	False
COX7B2_9839	COX7B2	37045	30774	37045	30774	-0.26757	1.9665e+07	9.7515e+08	0.40412	0.34306	0.65694	0.68612	0.87405	False
HSD17B10_2879	HSD17B10	1.2655e+05	1.6877e+05	1.2655e+05	1.6877e+05	0.41528	8.9098e+08	1.0935e+10	0.40369	0.61301	0.38699	0.77398	0.91219	True
F9_64052	F9	478.79	650.71	478.79	650.71	0.44183	14779	1.8807e+05	0.39643	0.60022	0.39978	0.79956	0.92969	True
SLC22A9_24190	SLC22A9	26393	35258	26393	35258	0.4178	3.9298e+07	5.0046e+08	0.39629	0.60731	0.39269	0.78538	0.91938	True
HDAC3_45671	HDAC3	68419	57163	68419	57163	-0.25932	6.3354e+07	3.2606e+09	0.39498	0.34643	0.65357	0.69286	0.87584	False
SCN10A_71864	SCN10A	39028	52009	39028	52009	0.41425	8.4255e+07	1.0805e+09	0.39492	0.6074	0.3926	0.78521	0.91938	True
DMRT1_3339	DMRT1	9626.3	8135.9	9626.3	8135.9	-0.24265	1.1106e+06	6.8799e+07	0.38899	0.34864	0.65136	0.69729	0.87584	False
LSG1_4328	LSG1	46492	39140	46492	39140	-0.24833	2.7026e+07	1.5246e+09	0.38731	0.34926	0.65074	0.69852	0.87584	False
KRTAP11-1_11926	KRTAP11-1	19053	25336	19053	25336	0.41115	1.9738e+07	2.6359e+08	0.38699	0.60284	0.39716	0.79431	0.92514	True
IFNA6_59243	IFNA6	54109	45550	54109	45550	-0.24843	3.6633e+07	2.0549e+09	0.3868	0.34945	0.65055	0.6989	0.87584	False
THOC2_44611	THOC2	49669	41981	49669	41981	-0.2426	2.9553e+07	1.7363e+09	0.38227	0.35113	0.64887	0.70226	0.87592	False
REG3A_26653	REG3A	11891	10123	11891	10123	-0.23219	1.5627e+06	1.0426e+08	0.37946	0.35217	0.64783	0.70435	0.87592	False
KRT86_4070	KRT86	14946	12757	14946	12757	-0.22847	2.3964e+06	1.635e+08	0.3754	0.35368	0.64632	0.70736	0.87592	False
TRHR_67758	TRHR	1038	897.31	1038	897.31	-0.20992	9898.1	8.609e+05	0.37236	0.35481	0.64519	0.70962	0.87592	False
REG3A_26654	REG3A	2200.8	1898.2	2200.8	1898.2	-0.21325	45764	3.7742e+06	0.3714	0.35517	0.64483	0.71034	0.87592	False
ERCC3_20604	ERCC3	60756	79509	60756	79509	0.38808	1.7584e+08	2.581e+09	0.36912	0.59732	0.40268	0.80535	0.93079	True
IFNA6_59242	IFNA6	75492	98166	75492	98166	0.37889	2.5704e+08	3.9569e+09	0.36045	0.59404	0.40596	0.81192	0.93156	True
KRTAP13-3_71492	KRTAP13-3	51770	67359	51770	67359	0.37975	1.2151e+08	1.8838e+09	0.35917	0.59284	0.40716	0.81431	0.93276	True
MUC17_30916	MUC17	66525	57341	66525	57341	-0.21432	4.2171e+07	3.0854e+09	0.35724	0.36046	0.63954	0.72091	0.88544	False
NMT1_13534	NMT1	1879.5	1643.4	1879.5	1643.4	-0.1936	27884	2.7671e+06	0.35593	0.36095	0.63905	0.72189	0.88544	False
RESP18_2432	RESP18	22329	28971	22329	28971	0.37567	2.2058e+07	3.6016e+08	0.34998	0.58745	0.41255	0.8251	0.93958	True
IFNA6_59240	IFNA6	36755	47475	36755	47475	0.36922	5.7459e+07	9.6016e+08	0.34596	0.58662	0.41338	0.82675	0.93958	True
MUC7_58297	MUC7	31509	40690	31509	40690	0.3689	4.2146e+07	7.0918e+08	0.34476	0.58584	0.41416	0.82832	0.93958	True
SDR9C7_25561	SDR9C7	76085	97349	76085	97349	0.35555	2.2608e+08	4.0183e+09	0.33545	0.58345	0.41655	0.83311	0.94259	True
GHRH_22272	GHRH	26729	23641	26729	23641	-0.17712	4.7685e+06	5.1308e+08	0.32941	0.37092	0.62908	0.74184	0.90072	False
DLST_29295	DLST	27079	23956	27079	23956	-0.17677	4.8762e+06	5.2637e+08	0.32906	0.37106	0.62894	0.74211	0.90072	False
SLC32A1_36691	SLC32A1	32446	28845	32446	28845	-0.16974	6.4858e+06	7.5128e+08	0.32217	0.37366	0.62634	0.74732	0.90072	False
RTP2_43552	RTP2	8414.9	7528.7	8414.9	7528.7	-0.16052	3.9264e+05	5.2804e+07	0.32066	0.37423	0.62577	0.74847	0.90072	False
MMP21_13306	MMP21	54753	48658	54753	48658	-0.17025	1.8572e+07	2.1033e+09	0.32021	0.37441	0.62559	0.74881	0.90072	False
CHRNA6_66352	CHRNA6	77887	69199	77887	69199	-0.17062	3.7739e+07	4.2076e+09	0.31895	0.37488	0.62512	0.74977	0.90072	False
SULT6B1_11668	SULT6B1	3059.1	2754.1	3059.1	2754.1	-0.15148	46518	7.2136e+06	0.31805	0.37522	0.62478	0.75045	0.90072	False
IL3_34061	IL3	53510	67498	53510	67498	0.33503	9.7833e+07	2.0104e+09	0.31198	0.57276	0.42724	0.85448	0.94941	True
VN1R2_2107	VN1R2	59218	74666	59218	74666	0.3344	1.1931e+08	2.4541e+09	0.31182	0.57288	0.42712	0.85424	0.94941	True
SPATA21_74016	SPATA21	15158	19161	15158	19161	0.33801	8.0092e+06	1.6809e+08	0.3087	0.56901	0.43099	0.86199	0.94941	True
SLC32A1_36690	SLC32A1	11577	14624	11577	14624	0.33713	4.6444e+06	9.8903e+07	0.30646	0.56752	0.43248	0.86495	0.94941	True
CER1_11093	CER1	64247	80586	64247	80586	0.32691	1.3349e+08	2.8809e+09	0.30443	0.56985	0.43015	0.8603	0.94941	True
KRTAP10-9_68636	KRTAP10-9	27187	34129	27187	34129	0.32808	2.4097e+07	5.3051e+08	0.30141	0.56695	0.43305	0.86611	0.94941	True
CST9L_1698	CST9L	47258	59167	47258	59167	0.32423	7.0912e+07	1.5744e+09	0.30014	0.56743	0.43257	0.86514	0.94941	True
MS4A5_27735	MS4A5	53060	66395	53060	66395	0.32344	8.8911e+07	1.9773e+09	0.29989	0.56754	0.43246	0.86493	0.94941	True
CABS1_61118	CABS1	5648.6	7110.1	5648.6	7110.1	0.33192	1.068e+06	2.4105e+07	0.29768	0.56233	0.43767	0.87534	0.94941	True
PSKH2_58674	PSKH2	1.3065e+05	1.1802e+05	1.3065e+05	1.1802e+05	-0.14667	7.9754e+07	1.1642e+10	0.29553	0.3838	0.6162	0.76759	0.91123	False
TFAP2D_34059	TFAP2D	18468	23098	18468	23098	0.32269	1.0717e+07	2.4791e+08	0.29403	0.56302	0.43698	0.87396	0.94941	True
WDR33_58218	WDR33	5964.6	5462.6	5964.6	5462.6	-0.12681	1.2599e+05	2.6829e+07	0.29335	0.38463	0.61537	0.76925	0.91123	False
TAS2R1_11869	TAS2R1	20527	18715	20527	18715	-0.13329	1.6408e+06	3.052e+08	0.29266	0.38489	0.61511	0.76978	0.91123	False
KRTAP10-5_60368	KRTAP10-5	24620	22452	24620	22452	-0.13304	2.3521e+06	4.3648e+08	0.29153	0.38532	0.61468	0.77064	0.91123	False
FCRL4_24404	FCRL4	38544	47968	38544	47968	0.31555	4.4403e+07	1.0543e+09	0.29023	0.56276	0.43724	0.87448	0.94941	True
TREML4_14192	TREML4	26134	32438	26134	32438	0.31173	1.9868e+07	4.9086e+08	0.28452	0.55955	0.44045	0.88091	0.94941	True
NPVF_26371	NPVF	869.43	810.28	869.43	810.28	-0.10153	1749.3	6.0759e+05	0.28224	0.38888	0.61112	0.77776	0.91387	False
SDR9C7_25562	SDR9C7	92207	1.1333e+05	92207	1.1333e+05	0.29761	2.2315e+08	5.8649e+09	0.27586	0.55817	0.44183	0.88365	0.94941	True
VPREB1_59283	VPREB1	81620	1.0022e+05	81620	1.0022e+05	0.29614	1.7294e+08	4.6136e+09	0.2738	0.55705	0.44295	0.88589	0.95035	True
CATSPER4_14644	CATSPER4	569.34	536.73	569.34	536.73	-0.084943	531.75	2.6435e+05	0.27051	0.39338	0.60662	0.78677	0.91944	False
RNF17_7252	RNF17	40025	49102	40025	49102	0.29486	4.1192e+07	1.1355e+09	0.26936	0.55376	0.44624	0.89248	0.95154	True
MRPL18_22542	MRPL18	58968	72171	58968	72171	0.29148	8.7157e+07	2.4337e+09	0.26763	0.55375	0.44625	0.8925	0.95154	True
IFNW1_16717	IFNW1	33793	31443	33793	31443	-0.10395	2.7594e+06	8.1385e+08	0.26415	0.39583	0.60417	0.79167	0.92361	False
KRT86_4069	KRT86	63613	77569	63613	77569	0.28616	9.739e+07	2.8252e+09	0.26257	0.55169	0.44831	0.89662	0.95207	True
KANSL3_73782	KANSL3	2289.4	2799.7	2289.4	2799.7	0.29018	1.302e+05	4.079e+06	0.25266	0.54073	0.45927	0.91855	0.95867	True
GUCA2A_24505	GUCA2A	36010	43649	36010	43649	0.27755	2.9178e+07	9.2226e+08	0.25155	0.54577	0.45423	0.90846	0.95312	True
DAZL_3135	DAZL	26282	31883	26282	31883	0.27867	1.5682e+07	4.9634e+08	0.25138	0.54508	0.45492	0.90984	0.95312	True
C1orf146_19904	C1orf146	189.3	182.36	189.3	182.36	-0.053556	24.046	30411	0.25085	0.40096	0.59904	0.80193	0.93079	False
CHAT_2089	CHAT	1.1478e+05	1.0755e+05	1.1478e+05	1.0755e+05	-0.093824	2.6115e+07	9.0231e+09	0.24868	0.4018	0.5982	0.80361	0.93079	False
COX7B2_9842	COX7B2	12857	12196	12857	12196	-0.076178	2.1867e+05	1.2157e+08	0.24449	0.40343	0.59657	0.80685	0.93079	False
RPTN_73119	RPTN	37075	35093	37075	35093	-0.079281	1.9651e+06	9.7669e+08	0.24145	0.4046	0.5954	0.80921	0.93079	False
GUCA2A_24506	GUCA2A	44211	41844	44211	41844	-0.079379	2.8011e+06	1.3809e+09	0.24058	0.40494	0.59506	0.80988	0.93079	False
TAS2R16_11770	TAS2R16	6477.6	6181.7	6477.6	6181.7	-0.067436	43767	3.1558e+07	0.24055	0.40495	0.59505	0.80991	0.93079	False
C16orf78_51474	C16orf78	22420	26984	22420	26984	0.26728	1.0413e+07	3.6306e+08	0.23951	0.53954	0.46046	0.92092	0.95969	True
INSL5_44285	INSL5	1.2637e+05	1.5102e+05	1.2637e+05	1.5102e+05	0.25706	3.0375e+08	1.0904e+10	0.23604	0.54143	0.45857	0.91713	0.95863	True
TYR_40737	TYR	10623	12732	10623	12732	0.2613	2.2249e+06	8.3512e+07	0.23083	0.5342	0.4658	0.9316	0.96358	True
GUCA2A_24508	GUCA2A	6798.4	6542.3	6798.4	6542.3	-0.055383	32787	3.4706e+07	0.22944	0.40927	0.59073	0.81853	0.93604	False
CYP2A13_26623	CYP2A13	56214	66926	56214	66926	0.25163	5.7373e+07	2.2151e+09	0.2276	0.53614	0.46386	0.92773	0.96358	True
CST9L_1700	CST9L	55487	65983	55487	65983	0.24993	5.5077e+07	2.1592e+09	0.22587	0.53535	0.46465	0.9293	0.96358	True
SPRR4_41	SPRR4	1725.4	2070.2	1725.4	2070.2	0.26276	59472	2.3385e+06	0.22553	0.52805	0.47195	0.9439	0.96621	True
TBR1_14584	TBR1	9080.6	10844	9080.6	10844	0.25608	1.5556e+06	6.1336e+07	0.22522	0.5314	0.4686	0.93721	0.96506	True
CRX_7227	CRX	22146	21384	22146	21384	-0.050498	2.9016e+05	3.5438e+08	0.21812	0.41367	0.58633	0.82734	0.93958	False
KRTAP11-1_11924	KRTAP11-1	20079	23786	20079	23786	0.24441	6.8706e+06	2.9225e+08	0.21684	0.52931	0.47069	0.94138	0.96506	True
CCT8L2_26469	CCT8L2	17614	17043	17614	17043	-0.047558	1.6314e+05	2.2585e+08	0.21675	0.4142	0.5858	0.8284	0.93958	False
C10orf53_61433	C10orf53	84703	99556	84703	99556	0.2331	1.1031e+08	4.9628e+09	0.21085	0.52958	0.47042	0.94084	0.96506	True
SCN10A_71866	SCN10A	20099	19538	20099	19538	-0.040881	1.5769e+05	2.9283e+08	0.20986	0.41689	0.58311	0.83378	0.94259	False
IAPP_39694	IAPP	26637	31292	26637	31292	0.23234	1.0834e+07	5.0961e+08	0.2062	0.52517	0.47483	0.94965	0.96855	True
NUDCD3_38092	NUDCD3	32884	32013	32884	32013	-0.038721	3.7922e+05	7.7136e+08	0.20499	0.41879	0.58121	0.83758	0.94535	False
FCRL4_24402	FCRL4	47849	46642	47849	46642	-0.036862	7.2856e+05	1.6134e+09	0.20108	0.42032	0.57968	0.84064	0.94726	False
TXNDC8_29525	TXNDC8	1.2829e+05	1.4927e+05	1.2829e+05	1.4927e+05	0.21844	2.1992e+08	1.1232e+10	0.19788	0.5247	0.4753	0.95059	0.96855	True
DLST_29294	DLST	11581	11396	11581	11396	-0.023324	17252	9.8984e+07	0.19701	0.42191	0.57809	0.84382	0.94819	False
DMRTC2_65050	DMRTC2	87132	85002	87132	85002	-0.03569	2.2665e+06	5.2466e+09	0.19651	0.4221	0.5779	0.84421	0.94819	False
SLCO1B1_40931	SLCO1B1	24713	28828	24713	28828	0.2222	8.4672e+06	4.3971e+08	0.19624	0.5206	0.4794	0.9588	0.97178	True
SLC22A9_24189	SLC22A9	52844	61509	52844	61509	0.21905	3.7539e+07	1.9614e+09	0.19564	0.52191	0.47809	0.95619	0.97161	True
TAAR2_48599	TAAR2	14719	14494	14719	14494	-0.02225	25375	1.5864e+08	0.19455	0.42287	0.57713	0.84575	0.94838	False
CABP5_73372	CABP5	14143	13990	14143	13990	-0.015667	11668	1.4665e+08	0.1887	0.42517	0.57483	0.85033	0.94941	False
SIGLECL1_16398	SIGLECL1	26681	30946	26681	30946	0.21395	9.0968e+06	5.1125e+08	0.18864	0.51738	0.48262	0.96524	0.97651	True
MS4A5_27734	MS4A5	12543	12453	12543	12453	-0.010423	4076.6	1.158e+08	0.18457	0.42678	0.57322	0.85356	0.94941	False
KRTAP13-2_12936	KRTAP13-2	13289	13263	13289	13263	-0.0028922	354.23	1.2975e+08	0.1772	0.42968	0.57032	0.85935	0.94941	False
OTOP1_41902	OTOP1	1.0521e+05	1.0412e+05	1.0521e+05	1.0412e+05	-0.01497	5.8978e+05	7.6029e+09	0.17589	0.43019	0.56981	0.86038	0.94941	False
SF3B2_23467	SF3B2	32715	32583	32715	32583	-0.0058081	8638.6	7.6356e+08	0.17431	0.43081	0.56919	0.86162	0.94941	False
COX15_1783	COX15	23016	26312	23016	26312	0.19306	5.4311e+06	3.823e+08	0.16856	0.50812	0.49188	0.98377	0.99014	True
TUBG1_9536	TUBG1	87738	99954	87738	99954	0.18806	7.4619e+07	5.3187e+09	0.16751	0.51048	0.48952	0.97905	0.9876	True
TAS2R40_54863	TAS2R40	62126	70596	62126	70596	0.18437	3.5866e+07	2.6968e+09	0.16309	0.50779	0.49221	0.98443	0.99014	True
PDE6H_40691	PDE6H	53450	60642	53450	60642	0.18212	2.5863e+07	2.006e+09	0.16058	0.50635	0.49365	0.9873	0.99016	True
TCHHL1_62151	TCHHL1	43394	48623	43394	48623	0.16413	1.3669e+07	1.3312e+09	0.14331	0.49819	0.50181	0.99638	0.99638	True
RNASE8_19332	RNASE8	7905.3	8865.4	7905.3	8865.4	0.16535	4.609e+05	4.6697e+07	0.1405	0.49319	0.50681	0.98638	0.99016	True
PDE6H_40689	PDE6H	1.1136e+05	1.2368e+05	1.1136e+05	1.2368e+05	0.15137	7.5886e+07	8.5025e+09	0.1336	0.49589	0.50411	0.99177	0.99321	True
OGDH_27642	OGDH	33392	36572	33392	36572	0.13126	5.0579e+06	7.9497e+08	0.1128	0.48394	0.51606	0.96787	0.97775	True
DMRT1_3337	DMRT1	44535	48341	44535	48341	0.11829	7.2415e+06	1.4009e+09	0.10168	0.47958	0.52042	0.95916	0.97178	True
DEFB129_4554	DEFB129	14880	16100	14880	16100	0.11367	7.4407e+05	1.6207e+08	0.095824	0.47446	0.52554	0.94891	0.96855	True
CABS1_61119	CABS1	3592.8	3889.7	3592.8	3889.7	0.11453	44080	9.8977e+06	0.094377	0.47049	0.52951	0.94099	0.96506	True
MAGEC3_62239	MAGEC3	81833	87991	81833	87991	0.10467	1.8961e+07	4.6373e+09	0.090431	0.47589	0.52411	0.95178	0.96855	True
GPR148_58137	GPR148	55552	59262	55552	59262	0.093275	6.8833e+06	2.1641e+09	0.079758	0.47022	0.52978	0.94044	0.96506	True
OGDH_27641	OGDH	24116	25678	24116	25678	0.090567	1.2207e+06	4.1905e+08	0.076328	0.46676	0.53324	0.93352	0.96412	True
ISX_38472	ISX	33116	35105	33116	35105	0.084139	1.9778e+06	7.8211e+08	0.071116	0.46514	0.53486	0.93028	0.96358	True
TUBG1_9538	TUBG1	50870	53841	50870	53841	0.081876	4.4121e+06	1.8199e+09	0.069633	0.46546	0.53454	0.93092	0.96358	True
GK2_58550	GK2	1488.4	1575	1488.4	1575	0.08152	3748.2	1.7488e+06	0.065472	0.45517	0.54483	0.91034	0.95312	True
RNASE8_19330	RNASE8	270.7	285.98	270.7	285.98	0.078924	116.7	61360	0.061676	0.44897	0.55103	0.89794	0.95207	True
ANKRD30A_15960	ANKRD30A	9230.9	9675.7	9230.9	9675.7	0.067889	98926	6.3349e+07	0.055886	0.45524	0.54476	0.91048	0.95312	True
GH2_53585	GH2	18723	19509	18723	19509	0.059329	3.0893e+05	2.5468e+08	0.049255	0.45392	0.54608	0.90784	0.95312	True
RESP18_2431	RESP18	47753	49601	47753	49601	0.054763	1.7067e+06	1.607e+09	0.046087	0.4547	0.5453	0.90939	0.95312	True
BRDT_25977	BRDT	14827	15401	14827	15401	0.054794	1.6475e+05	1.6095e+08	0.045247	0.45155	0.54845	0.90309	0.95312	True
GABRA6_60558	GABRA6	33609	34809	33609	34809	0.050622	7.2028e+05	8.0515e+08	0.042299	0.45216	0.54784	0.90432	0.95312	True
IAPP_39696	IAPP	14286	14780	14286	14780	0.049015	1.2189e+05	1.4959e+08	0.040369	0.44924	0.55076	0.89849	0.95207	True
KRT84_35488	KRT84	31872	32821	31872	32821	0.042364	4.5107e+05	7.2533e+08	0.035267	0.44885	0.55115	0.89771	0.95207	True
MS4A5_27736	MS4A5	2579.4	2642.2	2579.4	2642.2	0.034707	1973.7	5.1573e+06	0.027666	0.43925	0.56075	0.8785	0.94941	True
F13B_21474	F13B	4355.3	4453.4	4355.3	4453.4	0.032125	4811.2	1.4453e+07	0.025802	0.43971	0.56029	0.87942	0.94941	True
CHRNA6_66354	CHRNA6	59238	60479	59238	60479	0.029899	7.6944e+05	2.4557e+09	0.025033	0.44571	0.55429	0.89141	0.95154	True
SULT6B1_11667	SULT6B1	87127	88552	87127	88552	0.023407	1.0155e+06	5.2461e+09	0.019676	0.44421	0.55579	0.88842	0.95154	True
GK2_58548	GK2	9754	9901.5	9754	9901.5	0.021664	10891	7.0605e+07	0.017564	0.43795	0.56205	0.87591	0.94941	True
PUF60_66566	PUF60	60700	61401	60700	61401	0.016561	2.4557e+05	2.5764e+09	0.013807	0.4407	0.5593	0.8814	0.94941	True
WEE1_72126	WEE1	1.0291e+05	1.0403e+05	1.0291e+05	1.0403e+05	0.015639	6.2904e+05	7.2792e+09	0.013147	0.44166	0.55834	0.88333	0.94941	True
TRHR_67757	TRHR	24345	24526	24345	24526	0.010657	16292	4.2694e+08	0.0087362	0.43619	0.56381	0.87239	0.94941	True
TPRX1_57753	TPRX1	60232	60613	60232	60613	0.0090978	72596	2.5375e+09	0.0075643	0.43786	0.56214	0.87573	0.94941	True
MUC7_58298	MUC7	32810	32929	32810	32929	0.0052133	7054.5	7.6796e+08	0.0042862	0.43491	0.56509	0.86982	0.94941	True
RPTN_73118	RPTN	44333	44416	44333	44416	0.0026977	3442.6	1.3884e+09	0.0022269	0.43471	0.56529	0.86942	0.94941	True
